0 0
0 633
0 2582
1 1
1 2
1 652
2 2
2 1666
2 1986
3 3
4 4
4 2175
4 2176
5 5
5 1629
5 1659
6 6
6 373
6 1042
7 7
8 8
8 281
8 1996
9 9
9 723
10 10
10 2545
11 11
11 1655
12 12
12 1318
12 2662
13 13
13 1810
14 14
14 2034
14 2668
15 15
15 1090
15 1271
16 16
16 970
16 1632
17 17
17 24
17 2140
18 18
18 2082
18 2145
19 19
20 20
20 2269
20 2270
21 21
21 2310
22 22
22 1702
22 2238
23 23
24 24
24 201
24 2139
25 25
25 1301
25 2317
26 26
26 99
26 123
27 27
27 2360
27 2578
28 28
29 29
29 963
30 30
30 738
30 2343
31 31
32 32
32 518
32 1973
33 33
33 588
33 911
33 2040
33 2120
34 34
35 35
35 895
35 1913
36 36
36 1505
36 1552
36 1781
36 2094
37 37
37 1190
37 2427
38 38
38 862
38 1160
39 39
39 1634
39 1965
39 2357
40 40
40 507
40 866
41 41
41 596
41 644
42 42
42 87
43 43
43 152
43 2399
44 44
44 1582
44 2624
45 45
45 733
45 2667
46 46
46 1604
47 47
47 1579
48 48
48 714
48 1662
48 2041
48 2205
49 49
50 50
51 51
51 457
51 710
51 2214
52 52
52 2053
52 2182
53 53
53 1739
54 54
54 401
55 55
55 323
55 771
55 1079
55 1156
55 2020
55 2021
56 56
56 412
56 1616
57 57
58 58
59 59
59 580
59 615
59 1067
59 1287
60 55
60 60
61 61
61 1309
61 2312
62 62
63 63
64 64
64 1209
64 2616
65 65
65 543
65 1628
65 2419
66 66
67 67
67 540
67 2628
68 68
69 69
69 1013
69 1920
69 2189
70 70
70 2184
71 71
71 2691
72 72
73 73
73 449
73 797
73 1035
73 1189
73 1214
73 1723
74 74
74 544
74 1118
74 1517
75 75
75 84
75 2222
75 2223
76 76
76 88
76 2018
77 77
77 659
78 78
78 1418
79 79
79 2097
80 80
80 1117
80 2049
81 81
81 347
81 423
82 82
83 83
83 1520
84 84
84 2224
84 2226
85 85
85 1065
85 2487
86 86
86 2295
87 87
87 2164
88 88
88 130
88 300
88 737
88 841
88 851
88 1174
88 1394
88 1494
88 1658
88 1677
88 1713
88 1741
88 2012
88 2013
88 2014
88 2178
89 89
89 1087
89 1094
89 1157
89 1585
90 90
90 155
90 156
91 91
91 330
91 1046
91 2123
92 92
92 898
93 93
93 550
93 950
94 94
94 195
94 934
94 2263
94 2490
95 95
95 334
95 456
95 734
95 736
95 1303
95 2181
95 2183
95 2197
95 2201
96 96
97 97
97 661
98 98
99 99
99 122
99 2455
100 100
101 101
102 102
102 109
102 1448
102 1871
102 1878
103 103
103 484
103 1790
104 104
104 2210
105 105
105 2476
105 2651
106 106
107 107
107 1113
107 1650
108 108
108 1647
108 2157
109 109
109 133
109 153
109 176
109 289
109 306
109 318
109 426
109 563
109 610
109 1045
109 1624
109 1661
109 1805
109 1998
109 2092
110 110
110 567
110 1161
111 111
111 758
111 1762
112 112
112 487
113 113
113 747
114 114
114 2288
115 115
116 116
116 1076
117 117
117 2537
118 118
118 388
118 446
118 454
118 554
118 581
118 1538
118 1690
118 2030
119 119
119 379
119 646
119 1549
120 120
120 483
120 514
121 121
121 589
121 802
121 1910
121 2252
122 122
122 2454
123 123
123 2455
124 124
124 1367
124 2478
125 125
125 2363
126 126
126 1551
127 127
128 128
128 370
128 392
129 129
130 130
130 1982
131 131
131 2169
132 132
132 904
132 1022
133 133
133 399
133 452
133 2045
134 134
135 135
135 2144
136 136
137 137
137 2144
137 2504
138 138
139 139
139 306
139 660
139 910
139 1623
140 140
140 623
141 141
141 1002
142 142
143 143
144 144
144 145
144 1593
145 145
145 537
145 1593
146 146
146 897
146 1468
147 147
147 1519
148 148
148 378
148 2518
149 149
150 150
150 310
150 1942
151 151
151 2335
152 152
152 884
153 153
153 236
153 459
154 154
154 819
154 1339
154 1444
154 1568
154 1752
154 2525
155 155
155 156
155 1763
156 156
156 1689
156 1763
157 157
157 1870
158 158
158 2034
159 159
160 160
160 553
160 2000
161 161
162 162
162 1174
162 1268
163 163
164 164
165 165
165 2706
165 2707
166 166
166 2617
167 167
167 2437
167 2482
168 168
168 2437
169 169
170 170
171 171
171 790
171 1548
172 172
172 240
172 512
173 173
173 687
173 1033
174 174
174 629
174 2334
175 175
175 596
175 1914
175 2135
176 176
176 973
177 177
177 726
177 1639
178 178
179 179
180 159
180 180
180 2004
180 2037
180 2076
181 181
181 1464
181 1683
182 182
182 183
183 183
183 1837
184 184
185 185
185 2003
186 186
186 1228
186 1536
186 2580
187 187
188 188
189 189
189 1509
190 190
191 191
191 1791
191 2385
192 192
193 193
194 194
194 473
194 1451
195 195
196 196
197 197
198 198
199 199
199 420
200 200
200 2676
201 201
201 570
201 598
202 202
202 1173
202 1345
203 203
203 854
203 857
204 204
205 205
206 206
207 207
208 208
209 209
210 210
210 1079
210 1614
210 1671
210 2309
211 211
211 1909
212 212
213 213
213 2192
214 214
215 215
216 216
217 217
217 2473
217 2474
218 218
218 792
218 1348
218 1382
218 2594
219 219
220 220
220 913
221 221
222 222
223 223
223 1154
224 224
225 225
226 226
227 227
227 883
228 228
228 322
229 229
229 1894
229 2118
230 230
230 1095
230 1217
231 179
231 231
231 232
231 387
232 232
232 869
233 233
234 234
235 235
236 126
236 138
236 236
236 1572
236 2046
237 237
238 238
239 239
239 910
239 1274
239 1376
239 1909
240 240
240 512
240 1692
241 241
242 242
242 838
242 2280
243 243
243 2474
243 2648
244 244
244 1610
245 245
245 1162
246 246
246 2515
247 247
248 248
248 1264
248 1964
249 249
249 1978
250 250
251 251
251 253
251 1300
252 252
252 711
253 253
254 254
255 255
255 1266
255 1343
256 256
257 257
257 1388
257 2180
258 258
258 1153
258 1240
259 259
260 260
261 261
261 873
262 262
263 263
264 264
264 472
264 1826
265 265
266 266
266 578
266 2229
267 267
267 2373
268 268
268 1740
269 269
269 418
269 2551
270 270
270 1195
271 271
271 638
271 2387
272 272
273 273
273 374
274 274
274 748
275 275
275 805
276 276
276 1463
276 1695
277 277
277 553
278 278
279 242
279 270
279 279
279 304
279 502
279 1195
279 2344
280 280
281 281
281 1347
281 1382
281 2244
281 2247
282 282
283 283
283 1559
284 284
285 285
286 286
286 698
287 287
288 288
289 289
290 290
290 328
290 2359
291 291
292 292
293 293
294 294
295 295
295 1177
296 296
297 297
297 899
298 298
298 1325
299 299
299 1484
299 2386
300 300
300 415
301 301
302 302
302 350
302 1253
303 303
304 304
304 1172
304 1857
305 305
306 112
306 126
306 138
306 236
306 294
306 306
306 308
306 329
306 417
306 542
306 573
306 655
306 719
306 887
306 958
306 973
306 1158
306 1193
306 1245
306 1346
306 1483
306 1490
306 1551
306 1572
306 1584
306 1656
306 1705
306 1771
306 1779
306 1782
306 1787
306 1797
306 1798
306 2078
306 2080
306 2085
307 307
308 308
309 309
309 383
309 2268
310 310
310 1241
310 1272
310 1331
310 1815
310 1944
310 1946
310 1947
310 1950
311 311
311 343
311 690
312 312
313 313
314 314
315 315
315 408
315 1921
316 316
316 845
316 1073
316 1821
316 1868
317 317
318 318
318 563
319 319
320 320
320 348
321 321
321 1450
322 322
323 162
323 323
323 2022
324 324
324 2156
325 325
326 326
327 327
327 2063
327 2064
328 328
329 329
329 2598
330 330
331 331
332 332
332 2003
332 2615
333 333
334 334
335 335
336 336
337 337
338 338
339 339
340 340
341 341
341 613
341 1389
342 342
343 343
344 344
344 2323
345 345
346 346
347 347
347 408
347 423
348 348
348 2248
349 349
349 465
350 350
350 656
350 1782
350 2084
350 2089
351 351
352 352
352 1944
353 353
353 1345
353 2507
354 354
355 355
356 356
356 2116
357 357
357 2652
358 358
359 359
360 360
360 1409
361 361
362 362
363 363
364 263
364 364
364 819
364 1756
365 365
366 366
367 367
368 368
368 428
368 1194
368 2249
368 2393
369 369
369 385
370 370
370 1414
370 1415
371 371
371 1354
371 1553
372 372
372 626
372 1834
373 373
373 1042
374 374
374 846
374 2147
374 2149
375 375
375 2401
375 2435
376 376
376 672
377 377
377 678
377 1265
378 378
379 379
379 904
379 1898
380 380
380 930
380 2569
381 381
381 2518
382 382
383 383
383 2268
384 384
385 385
385 2484
386 386
386 2114
386 2117
387 387
388 388
388 2497
389 389
389 704
389 905
389 2450
390 390
391 391
391 493
392 392
392 1619
392 1825
393 393
394 394
394 849
394 1064
395 395
395 640
396 396
397 397
397 1096
398 398
398 730
399 399
400 400
401 104
401 401
401 1096
402 402
402 1936
402 1940
403 403
403 806
403 1383
403 2654
404 404
404 1476
405 405
406 406
406 505
406 2505
407 407
407 1681
407 1682
408 408
409 409
410 410
410 1179
411 411
411 1488
411 1577
412 412
412 1849
413 413
414 414
415 204
415 415
415 525
415 593
415 818
415 1644
415 1847
415 2014
416 416
417 417
418 418
419 419
420 420
421 421
422 422
423 315
423 423
423 525
424 424
425 425
426 426
426 1777
426 1789
426 1805
427 427
428 428
428 996
428 2671
429 196
429 429
429 523
429 705
429 1493
429 1618
429 1669
429 1889
429 2043
430 430
431 431
431 2695
432 432
433 433
434 434
434 1524
434 2408
435 435
435 1912
436 436
436 668
436 878
436 1979
436 1980
436 1981
437 437
437 1985
438 438
439 439
440 440
440 2179
441 440
441 441
441 454
441 671
441 1537
442 442
442 627
443 443
444 444
444 488
444 515
444 2289
445 445
445 909
446 446
446 1507
447 447
447 1616
447 2638
448 448
449 449
449 1834
449 2581
450 450
451 451
451 935
452 452
453 453
453 2306
454 454
454 581
454 1917
455 455
455 1664
456 142
456 456
456 525
456 667
456 2347
457 457
457 1201
457 2215
458 193
458 458
458 1122
459 459
460 460
460 1989
461 461
462 462
463 463
464 464
464 2445
465 465
465 1403
465 2304
466 466
466 1738
467 467
468 468
468 1311
468 1313
469 469
470 470
471 471
472 472
472 1182
472 1183
472 1825
472 2029
473 243
473 473
473 1575
474 474
475 475
476 306
476 476
476 1140
477 477
477 2569
478 478
479 479
480 480
480 1426
481 481
482 482
482 1814
482 2230
483 436
483 483
483 2405
484 484
484 1367
484 1699
484 1775
485 485
485 2219
486 486
487 487
487 655
487 859
487 1782
487 2080
488 488
489 489
489 2391
490 490
490 1879
490 2105
491 491
492 492
492 1533
492 2673
493 493
494 494
495 495
495 1327
496 496
497 497
498 356
498 498
498 1652
499 499
499 2458
500 500
501 501
502 502
503 503
504 504
505 505
505 843
505 1304
506 506
506 1352
507 251
507 253
507 254
507 507
507 1176
507 1211
507 1300
507 1941
507 2508
508 508
509 509
510 510
511 511
512 512
512 1472
512 1692
513 513
514 514
514 1314
514 1978
515 515
515 1102
515 2465
516 516
517 517
518 518
518 1373
518 2423
519 519
519 1346
519 1670
519 1998
519 2045
520 520
521 521
522 522
523 523
523 2406
524 524
524 979
525 525
525 1540
525 2057
526 526
526 1216
527 527
528 528
529 529
529 1417
529 1419
530 530
531 531
532 532
533 533
534 534
535 535
535 2641
536 536
537 537
537 1165
538 538
539 539
540 113
540 540
540 2527
541 541
541 647
541 1360
542 542
543 543
544 399
544 456
544 544
544 1580
544 1769
545 545
546 546
546 1608
547 547
548 548
548 1937
548 2138
549 549
549 1497
550 550
551 551
552 552
553 366
553 553
553 745
553 1583
554 554
555 555
556 556
557 557
558 558
558 876
558 2585
559 559
560 560
560 774
561 561
562 562
563 563
563 1337
564 564
565 427
565 513
565 565
565 1361
565 1528
566 566
567 536
567 567
567 631
567 1262
568 568
568 1223
569 569
570 570
571 571
572 572
573 573
573 1313
573 2407
574 574
575 575
576 574
576 576
577 394
577 577
577 1129
577 1518
577 2351
577 2352
577 2354
578 578
578 1879
578 1974
579 579
579 1134
579 1808
580 580
580 1742
580 2445
581 581
582 582
582 2548
582 2549
583 284
583 583
583 2225
584 584
584 2464
585 585
586 94
586 586
586 1224
587 587
588 588
588 698
588 2383
589 589
589 1158
590 590
591 591
591 1017
591 1423
592 592
593 593
594 594
594 663
595 595
596 596
596 644
596 1914
597 597
598 48
598 143
598 157
598 165
598 297
598 519
598 521
598 598
598 766
598 968
598 1299
598 1301
598 1473
598 1573
598 1821
598 1823
598 2138
599 599
600 600
601 601
602 602
603 603
603 795
603 1873
603 2045
604 604
604 1351
604 2109
605 605
606 531
606 606
606 2361
607 607
607 1213
608 608
608 2080
609 609
609 883
609 2446
609 2447
610 114
610 610
610 2287
610 2288
611 611
612 612
613 613
614 614
614 888
614 2470
615 615
616 616
617 617
618 618
619 619
620 620
620 923
621 621
621 1332
622 622
622 1951
622 1952
623 515
623 584
623 623
624 624
625 625
626 626
626 2558
627 627
628 628
629 629
629 883
630 630
631 631
632 632
633 633
633 1701
634 634
635 635
636 636
637 637
638 638
638 783
638 1773
638 2387
639 639
640 640
640 894
640 1598
641 641
642 642
643 643
643 2407
644 644
644 728
644 2177
645 645
645 1267
645 1900
646 646
647 647
647 1267
648 648
649 649
650 650
650 1557
650 1685
651 651
651 885
651 1984
651 2156
652 652
653 653
654 654
655 655
656 656
657 657
657 867
657 1229
657 1254
657 2442
657 2522
658 658
659 354
659 659
660 660
661 661
661 807
661 830
661 935
661 1353
661 1881
661 1883
661 1884
662 662
663 663
664 664
665 397
665 665
666 666
667 667
668 668
669 669
669 729
669 1124
670 670
671 671
672 672
673 673
674 674
675 675
676 676
676 2235
677 677
678 678
679 679
680 680
681 681
681 1445
682 682
683 683
684 684
685 685
686 686
687 480
687 687
687 1033
687 1546
687 1586
687 1610
687 2359
688 688
689 689
689 1317
690 690
691 691
692 692
693 693
693 763
693 1851
694 694
694 2516
695 695
695 948
695 2319
696 571
696 696
696 1570
697 697
698 698
698 1015
699 699
700 700
701 701
701 735
701 739
702 702
702 777
702 779
702 2070
702 2101
703 703
703 801
704 562
704 704
704 2113
704 2450
705 705
706 706
707 707
708 708
709 709
710 710
710 1392
710 2212
711 414
711 539
711 711
711 2111
712 712
713 713
714 148
714 714
715 715
716 716
717 717
718 718
718 2261
719 719
720 720
721 721
722 722
722 1273
722 1567
723 723
724 724
725 725
725 1104
725 1137
726 726
726 2671
727 727
727 2570
728 728
728 2553
729 729
729 1159
730 730
731 731
731 901
731 1279
732 732
732 1756
732 2685
733 377
733 383
733 401
733 733
733 1265
733 1294
733 1329
733 1682
733 2035
733 2268
733 2291
733 2301
733 2302
734 734
734 736
734 751
734 1388
734 1841
734 2197
734 2277
735 735
735 1237
735 1543
735 2061
736 736
736 751
736 964
736 1006
736 2202
737 737
737 1269
737 1974
738 738
738 1080
738 1927
739 739
739 1237
739 1543
740 740
740 2033
741 741
741 1088
742 742
743 743
743 745
743 1570
744 744
745 745
745 1995
745 2009
746 746
747 747
748 748
748 1145
748 1617
749 749
750 750
751 751
751 1204
751 2198
752 752
753 753
754 754
755 755
756 256
756 756
756 1469
756 1692
756 2186
757 757
757 1284
758 758
758 2492
759 759
760 760
760 1513
760 2459
761 761
762 762
763 763
763 1635
764 764
764 796
765 765
766 766
766 1297
767 767
767 2314
768 768
768 1724
769 769
770 770
771 771
771 1080
771 1156
772 772
773 773
774 774
775 775
776 776
777 777
778 778
778 1370
779 779
779 1370
779 1592
780 780
781 781
782 782
783 783
783 1061
783 1143
784 784
785 785
786 786
787 438
787 787
788 788
789 789
790 482
790 790
791 791
792 792
792 1558
792 2555
793 793
794 794
795 795
796 796
797 797
797 800
797 2359
798 798
798 1381
798 1793
799 799
800 800
800 889
801 801
801 1961
802 802
803 803
804 804
805 805
806 806
807 807
807 1226
807 1955
808 808
809 809
809 2228
809 2229
810 810
811 811
812 812
813 813
814 814
815 815
815 2017
815 2018
816 816
816 1842
816 1980
817 220
817 817
817 2456
818 818
819 650
819 819
820 820
821 821
822 822
823 823
824 824
825 825
826 826
826 2287
827 827
828 828
828 1795
829 829
830 830
831 741
831 831
831 1638
832 832
833 833
833 1130
833 2036
833 2495
833 2595
834 834
834 2168
835 835
835 1654
836 836
836 2403
837 837
837 1422
838 270
838 838
838 868
839 839
839 2277
840 840
841 841
842 118
842 161
842 842
843 548
843 843
843 2542
844 844
845 845
846 846
847 847
848 848
848 1373
849 849
849 2351
850 850
851 851
852 852
853 853
854 854
854 935
854 1097
855 855
856 856
857 470
857 857
857 1246
858 858
859 762
859 859
859 1030
860 860
861 861
861 1397
861 2330
862 862
863 794
863 863
863 1160
864 864
865 865
866 866
867 867
867 1252
867 2439
867 2440
867 2522
868 868
868 988
868 1341
869 869
869 1440
870 870
870 1119
871 871
871 1229
872 872
873 873
873 1479
873 2313
874 874
875 875
875 1950
876 834
876 876
876 2168
877 877
878 878
878 2326
879 879
880 880
881 881
882 882
883 883
884 884
885 885
885 1039
886 886
887 887
888 888
888 1475
889 889
889 1830
889 1832
890 890
891 891
891 1674
892 892
893 893
894 894
895 440
895 895
895 1296
896 896
897 897
897 1410
897 1907
898 898
898 1836
898 2160
899 899
899 1858
900 900
901 901
901 1279
901 2073
902 902
903 903
904 647
904 904
904 1360
905 905
906 906
907 907
908 908
909 909
910 887
910 910
911 911
911 1534
911 2376
912 912
913 913
914 914
915 915
915 2415
916 916
917 917
918 918
918 2065
919 919
920 920
921 921
921 2293
922 922
923 923
924 924
925 925
926 926
927 927
927 1316
928 928
928 1326
929 929
930 930
931 931
932 932
933 933
934 934
935 935
936 936
936 2530
936 2641
937 937
938 938
939 939
940 940
941 941
942 942
943 943
944 944
945 945
946 946
947 947
948 948
949 949
950 437
950 950
951 951
952 952
953 953
953 2566
953 2567
954 954
955 955
956 956
957 957
957 1757
958 958
959 959
960 960
961 961
961 2599
962 962
962 1665
963 203
963 375
963 706
963 805
963 963
963 1094
963 1157
963 2400
963 2434
964 964
964 965
964 1388
965 965
966 966
967 967
968 968
969 969
970 970
970 1358
970 2365
971 971
972 972
973 277
973 880
973 935
973 973
973 1583
973 2019
973 2153
974 974
975 975
976 976
976 998
977 977
978 978
979 979
979 1503
979 2207
980 980
981 981
982 982
982 1458
983 983
984 984
984 1068
985 985
986 986
987 987
988 988
989 989
990 990
991 991
992 992
993 993
994 994
995 995
996 996
996 1257
997 997
998 978
998 998
999 999
1000 1000
1000 1325
1001 1001
1002 1002
1002 1952
1002 2033
1003 1003
1003 2607
1004 1004
1005 1005
1006 1006
1007 1007
1008 1008
1008 1922
1009 1009
1010 1010
1011 1011
1012 1012
1013 334
1013 510
1013 880
1013 908
1013 1013
1013 1120
1013 1464
1013 1521
1013 1644
1013 1675
1013 1729
1013 1843
1013 1845
1013 1846
1013 1848
1013 2045
1014 1014
1015 1015
1015 1068
1015 1385
1015 1452
1015 1788
1016 595
1016 1016
1016 1256
1017 1017
1018 1018
1019 1019
1020 1020
1021 1021
1022 1022
1022 1276
1022 1963
1023 1023
1024 1024
1025 1025
1026 1026
1027 1027
1028 1028
1029 1029
1030 1030
1031 1031
1031 1952
1032 1032
1033 1033
1034 1034
1035 1035
1035 1433
1035 1486
1035 1740
1036 1036
1037 1037
1037 2447
1038 1038
1039 1039
1040 1040
1041 1041
1041 1243
1041 2448
1042 74
1042 624
1042 901
1042 1042
1042 1118
1042 1481
1042 1628
1042 1926
1042 2052
1042 2054
1042 2333
1043 1043
1044 1044
1045 1045
1045 1571
1046 1046
1046 2387
1046 2587
1047 1047
1047 2333
1048 1048
1049 1049
1049 1432
1050 1050
1050 1342
1050 1380
1050 1569
1050 2563
1051 1051
1051 2122
1051 2383
1052 1052
1053 1053
1054 1054
1054 1432
1054 1605
1055 1055
1056 1056
1057 1057
1058 1058
1059 1059
1060 1060
1061 1061
1061 2376
1062 962
1062 1062
1063 1063
1064 1064
1064 2352
1065 864
1065 1065
1065 1096
1066 1066
1067 170
1067 1067
1067 1830
1067 2448
1068 1068
1069 1069
1070 1070
1070 1829
1071 1071
1072 189
1072 342
1072 773
1072 945
1072 958
1072 973
1072 1072
1072 1478
1072 1505
1072 1740
1072 1784
1072 1798
1072 1800
1072 1801
1072 1802
1073 985
1073 1073
1074 1074
1075 1075
1076 1076
1077 1077
1077 2113
1078 1078
1079 1079
1080 1080
1080 2344
1081 1081
1082 1082
1083 1083
1083 1232
1083 2114
1084 1084
1085 1085
1085 1421
1086 1086
1086 1124
1087 1087
1088 1088
1089 1089
1090 1090
1090 1093
1090 1147
1090 1271
1091 1091
1092 1092
1093 599
1093 1093
1093 1598
1094 1094
1094 1369
1095 1095
1095 1325
1095 2613
1096 411
1096 1096
1097 1097
1098 1098
1098 1477
1098 2067
1099 1099
1100 1100
1101 1101
1101 1242
1101 2148
1102 1102
1102 1207
1103 72
1103 263
1103 748
1103 1103
1103 1480
1103 1520
1103 1718
1103 1748
1103 1888
1104 1104
1105 1105
1106 1106
1107 1107
1107 2243
1107 2379
1108 1108
1109 1109
1109 2674
1110 1110
1111 1111
1111 2129
1112 1112
1113 1113
1114 1114
1114 1717
1115 470
1115 809
1115 1115
1115 1529
1116 1116
1117 434
1117 1117
1118 1118
1119 1119
1119 1462
1119 1663
1119 1697
1119 2125
1119 2128
1120 1120
1121 1121
1122 1122
1123 1123
1124 1124
1125 1125
1126 1126
1127 1127
1128 1128
1129 1129
1129 2352
1129 2353
1130 1130
1131 510
1131 836
1131 1131
1131 1215
1131 1224
1131 2185
1131 2280
1131 2281
1131 2283
1132 1132
1133 1133
1133 2185
1134 1134
1135 1135
1136 1136
1136 2359
1136 2554
1137 1137
1138 1138
1138 2250
1139 1139
1139 1628
1139 2182
1140 1140
1141 1141
1142 1142
1143 1143
1143 2262
1144 1144
1145 1145
1146 1146
1146 1505
1146 1506
1147 765
1147 1147
1147 1598
1148 1148
1148 1747
1149 1149
1150 1150
1151 1151
1152 1152
1153 1153
1154 357
1154 957
1154 1154
1154 1714
1155 1155
1156 65
1156 1156
1157 1157
1157 2240
1158 302
1158 1158
1158 2251
1158 2382
1159 1159
1160 401
1160 733
1160 1160
1161 1161
1162 1162
1163 1163
1163 2132
1164 1164
1165 1165
1166 1166
1167 1167
1168 1168
1169 188
1169 439
1169 524
1169 748
1169 823
1169 853
1169 1040
1169 1169
1169 1714
1169 2220
1169 2492
1170 1170
1171 681
1171 1171
1171 1355
1171 1855
1172 1172
1173 1173
1174 1174
1174 1912
1175 1175
1176 877
1176 1176
1177 1177
1177 1935
1178 1178
1179 1179
1180 937
1180 1180
1181 1181
1182 1182
1183 1183
1184 1184
1185 1185
1185 1460
1185 1992
1185 2358
1186 1186
1186 2574
1187 1187
1188 1188
1189 1189
1190 1184
1190 1190
1191 1191
1192 1192
1193 1193
1194 1194
1194 2670
1195 868
1195 1195
1196 1196
1197 1197
1198 1198
1199 1199
1199 1716
1200 1200
1200 1502
1201 1201
1202 1202
1202 1428
1203 461
1203 1203
1203 1410
1204 1204
1205 1205
1206 1206
1207 1207
1208 1208
1209 1209
1210 1210
1211 1211
1212 1212
1213 1213
1214 1214
1214 1499
1214 1745
1215 1215
1216 1216
1217 1217
1218 1218
1219 994
1219 1219
1220 1220
1221 981
1221 1221
1222 1222
1223 1223
1224 779
1224 1224
1224 1341
1224 1370
1224 1525
1224 1587
1224 1660
1224 1975
1224 2154
1225 1225
1226 1226
1226 1956
1227 1227
1228 1228
1228 1536
1229 1155
1229 1229
1229 1506
1229 1749
1229 2439
1229 2442
1230 1230
1231 1231
1232 1232
1233 1233
1234 1234
1234 1702
1234 1966
1235 1235
1235 1462
1236 1236
1237 1237
1238 1238
1239 1239
1239 2611
1240 706
1240 1240
1240 2237
1241 1241
1242 1242
1243 1243
1244 1244
1245 1144
1245 1245
1246 1246
1247 1247
1248 1248
1249 1249
1250 328
1250 1250
1250 2507
1251 505
1251 1251
1251 1623
1252 1252
1253 1253
1254 1254
1255 1255
1256 595
1256 1256
1256 2175
1256 2176
1257 688
1257 1071
1257 1135
1257 1257
1257 2673
1258 1258
1259 1259
1260 1260
1261 1261
1262 564
1262 1262
1262 1509
1263 1263
1264 443
1264 1264
1265 1265
1266 1266
1266 1984
1267 1267
1268 1268
1268 1929
1269 890
1269 1227
1269 1269
1270 1270
1271 1271
1271 2367
1272 1272
1272 1945
1272 1947
1273 1111
1273 1119
1273 1273
1273 2125
1274 1274
1275 1275
1276 1276
1277 1277
1278 1278
1279 1279
1279 2203
1280 1280
1281 1281
1281 1748
1282 741
1282 1282
1282 1283
1283 1283
1284 998
1284 1284
1285 1285
1286 1286
1287 481
1287 1287
1288 1288
1289 1289
1290 1213
1290 1290
1291 1291
1291 1660
1292 1292
1293 1293
1294 1294
1295 1295
1296 728
1296 1296
1296 1912
1296 1913
1297 1297
1298 1298
1299 1299
1300 877
1300 1300
1300 2508
1301 1301
1302 1302
1303 746
1303 1026
1303 1303
1304 1304
1305 1305
1306 1306
1307 922
1307 1307
1307 2536
1308 1308
1309 88
1309 851
1309 1288
1309 1309
1309 1677
1309 1882
1309 2102
1309 2103
1309 2178
1310 1310
1311 1311
1311 1312
1312 1312
1313 1313
1313 2407
1314 1269
1314 1314
1315 1315
1316 1316
1316 1679
1317 1040
1317 1148
1317 1317
1317 1719
1317 2221
1318 1318
1318 2661
1319 1319
1320 1320
1320 1491
1321 1321
1322 1322
1323 1323
1324 1324
1325 1325
1325 2063
1326 1326
1327 1327
1327 2161
1328 1328
1329 1329
1330 1330
1331 1331
1332 1332
1333 1333
1334 1334
1335 1335
1336 695
1336 1336
1336 1452
1336 2032
1337 1337
1338 1338
1339 1339
1340 1340
1341 1341
1342 1342
1343 1343
1343 1507
1343 1645
1344 724
1344 1344
1344 1928
1345 1345
1346 1346
1347 1347
1348 1348
1348 2605
1349 1320
1349 1349
1349 1634
1350 1350
1351 907
1351 1351
1351 1362
1351 2134
1351 2282
1352 1352
1353 1353
1354 1183
1354 1354
1355 1355
1356 1356
1357 1357
1358 53
1358 59
1358 68
1358 90
1358 101
1358 111
1358 154
1358 155
1358 156
1358 170
1358 246
1358 326
1358 333
1358 337
1358 341
1358 346
1358 357
1358 364
1358 501
1358 524
1358 613
1358 616
1358 686
1358 687
1358 744
1358 757
1358 758
1358 796
1358 797
1358 876
1358 929
1358 978
1358 999
1358 1038
1358 1070
1358 1103
1358 1149
1358 1189
1358 1243
1358 1281
1358 1284
1358 1292
1358 1305
1358 1339
1358 1358
1358 1389
1358 1444
1358 1471
1358 1480
1358 1483
1358 1492
1358 1499
1358 1516
1358 1546
1358 1562
1358 1568
1358 1604
1358 1620
1358 1708
1358 1709
1358 1713
1358 1717
1358 1721
1358 1727
1358 1729
1358 1730
1358 1731
1358 1732
1358 1737
1358 1743
1358 1745
1358 1748
1358 1749
1358 1750
1358 1751
1358 1753
1358 1755
1358 1756
1358 1762
1358 1764
1358 1765
1358 1766
1358 2597
1359 1359
1359 1464
1359 2480
1360 1360
1360 1960
1360 2491
1361 1361
1362 1362
1363 1363
1364 1364
1365 1365
1365 2519
1366 1366
1367 1367
1367 1584
1367 2143
1368 1368
1368 1911
1369 1369
1370 1370
1370 1525
1370 1919
1371 1371
1372 1372
1373 1373
1374 1374
1375 1375
1376 1376
1376 2232
1377 1377
1378 1378
1378 1544
1379 1379
1380 1380
1381 1381
1382 1382
1382 2283
1383 1383
1384 1384
1385 1385
1386 1386
1386 2570
1387 1387
1388 1388
1389 1389
1390 1390
1391 1391
1392 1392
1393 1393
1394 1394
1394 2137
1395 1395
1395 2266
1395 2267
1396 1396
1397 1397
1398 1398
1399 1399
1400 1400
1401 1153
1401 1401
1401 1585
1402 1402
1403 1403
1404 1404
1405 1405
1405 1894
1406 1406
1407 1407
1408 1408
1408 1829
1409 1409
1409 1827
1410 1410
1411 1411
1412 1412
1413 251
1413 402
1413 776
1413 877
1413 1340
1413 1363
1413 1413
1413 1934
1413 1936
1414 1414
1414 1415
1415 1415
1416 61
1416 149
1416 305
1416 572
1416 1416
1416 1921
1416 1923
1416 1924
1416 1926
1417 1417
1417 1452
1417 2350
1418 1418
1419 1419
1419 2259
1420 1420
1421 1396
1421 1421
1421 1975
1422 1422
1423 1423
1424 1424
1425 1425
1426 1426
1427 1427
1428 1428
1428 1429
1428 2520
1429 1429
1430 1430
1431 1431
1432 1432
1433 1433
1434 1434
1435 1435
1436 1436
1437 1437
1438 1438
1439 1439
1440 1440
1441 241
1441 454
1441 590
1441 720
1441 750
1441 1128
1441 1441
1441 1619
1441 1957
1441 2271
1441 2274
1441 2275
1442 1442
1443 1443
1444 1444
1444 2323
1445 1445
1446 1446
1447 1447
1448 505
1448 1448
1449 1449
1450 1450
1451 1451
1452 1452
1453 1453
1454 1454
1455 1455
1456 1456
1457 1456
1457 1457
1458 1458
1459 1459
1460 1460
1461 1461
1462 1462
1462 1611
1463 490
1463 1463
1463 1695
1463 2132
1464 262
1464 1464
1464 1482
1465 1465
1466 1466
1467 1467
1468 1468
1469 1469
1469 1498
1469 2349
1470 1470
1471 1471
1472 1472
1473 1473
1473 2707
1474 1474
1475 1475
1476 1476
1477 1477
1477 2066
1478 1478
1479 1479
1480 1480
1481 1481
1482 1402
1482 1482
1483 359
1483 389
1483 562
1483 742
1483 905
1483 1077
1483 1412
1483 1483
1483 1620
1483 1726
1483 2113
1484 1484
1484 2520
1485 1485
1486 1486
1487 1487
1488 1465
1488 1488
1489 1489
1490 1490
1490 2085
1491 1491
1492 1492
1493 1493
1494 897
1494 1494
1495 437
1495 1495
1496 1496
1497 1497
1498 1498
1499 1499
1500 1500
1501 1074
1501 1399
1501 1501
1501 2228
1502 1502
1503 1503
1503 2243
1504 1504
1505 330
1505 530
1505 1505
1505 1624
1505 1788
1505 2107
1506 1506
1507 989
1507 1507
1507 1645
1508 1508
1509 1509
1510 1510
1511 1511
1512 1512
1512 2023
1513 1513
1514 1514
1515 1515
1516 1516
1517 1517
1518 1518
1519 1015
1519 1519
1519 2335
1519 2640
1520 1520
1520 1765
1521 1521
1522 1522
1522 2680
1523 1523
1524 1524
1524 1693
1525 1525
1526 1526
1527 331
1527 415
1527 860
1527 1527
1527 2274
1528 513
1528 1361
1528 1528
1529 1529
1529 2350
1530 1530
1530 2240
1530 2464
1531 1531
1531 1889
1532 1532
1533 1533
1534 1082
1534 1429
1534 1534
1535 280
1535 1535
1535 1916
1536 1536
1536 2580
1537 1537
1538 643
1538 1131
1538 1538
1538 2185
1539 1539
1540 1540
1541 1541
1542 219
1542 251
1542 812
1542 877
1542 1176
1542 1300
1542 1340
1542 1477
1542 1542
1542 1607
1542 1931
1542 1936
1542 1940
1543 1543
1544 1544
1545 1545
1546 1546
1547 1547
1548 1548
1549 1549
1549 2286
1550 1550
1551 1551
1552 1552
1552 1778
1552 2591
1553 1553
1554 1554
1554 1657
1554 2688
1555 1470
1555 1555
1556 1556
1557 1557
1557 2168
1558 1191
1558 1558
1558 2339
1559 1559
1560 1560
1560 1623
1561 1561
1562 1562
1563 1563
1564 1564
1565 1565
1566 1566
1567 1567
1567 1874
1567 2500
1568 1568
1568 1729
1569 1569
1570 1570
1571 1571
1572 1572
1573 1573
1574 1574
1575 1575
1576 1576
1577 1055
1577 1099
1577 1577
1578 1578
1579 1182
1579 1579
1579 2029
1580 1580
1580 2199
1580 2200
1581 1581
1582 1582
1583 1120
1583 1583
1583 1995
1584 1584
1585 1585
1586 1586
1587 1587
1588 1588
1589 1589
1590 1590
1591 1591
1592 1592
1593 537
1593 1593
1594 1594
1595 1595
1596 1596
1597 1597
1598 1598
1599 1599
1599 2441
1599 2460
1600 1600
1601 1601
1602 1204
1602 1602
1602 2054
1602 2073
1602 2074
1603 1603
1604 902
1604 1604
1605 1605
1606 1606
1607 1607
1608 1608
1608 2124
1608 2489
1609 1609
1610 1610
1610 2557
1610 2558
1611 1611
1612 1612
1613 1613
1614 1614
1615 1615
1616 118
1616 539
1616 1402
1616 1616
1617 1617
1618 1015
1618 1425
1618 1618
1619 1619
1620 905
1620 1620
1620 2450
1621 1621
1622 1270
1622 1622
1622 2425
1623 126
1623 314
1623 350
1623 384
1623 542
1623 556
1623 887
1623 910
1623 980
1623 1623
1623 1768
1623 1769
1623 1770
1623 1771
1623 1773
1623 1775
1623 1778
1623 1782
1623 1784
1624 384
1624 589
1624 1624
1624 1777
1624 1779
1624 1780
1624 1785
1624 1787
1625 1625
1626 1626
1627 1229
1627 1627
1627 1740
1628 95
1628 1117
1628 1540
1628 1628
1628 1635
1628 2056
1628 2057
1629 1629
1629 1711
1630 1630
1631 1631
1632 364
1632 1632
1633 1633
1634 1461
1634 1634
1634 2393
1635 1635
1636 1636
1636 2141
1637 1637
1638 1638
1639 1639
1639 2679
1640 306
1640 1640
1641 1641
1642 1642
1642 2658
1643 1643
1644 1644
1645 1645
1646 1646
1647 1647
1647 2160
1647 2209
1648 1648
1649 1649
1650 1650
1651 1651
1652 1652
1653 1369
1653 1585
1653 1653
1654 1654
1655 149
1655 1121
1655 1410
1655 1655
1655 1839
1655 2136
1655 2295
1656 1656
1657 1657
1657 2688
1658 1658
1659 1659
1660 1660
1661 1661
1661 1851
1662 1662
1662 2381
1663 1663
1664 1664
1665 1665
1666 606
1666 1666
1666 2381
1667 1667
1668 1668
1669 1481
1669 1669
1669 1892
1670 308
1670 1670
1671 1671
1671 2136
1671 2137
1672 1672
1673 1673
1674 1674
1675 1675
1675 1676
1676 1676
1677 191
1677 1677
1678 1678
1679 1679
1680 1680
1681 948
1681 1681
1681 2320
1682 1682
1682 2319
1682 2320
1683 1683
1684 1684
1685 1685
1686 1686
1687 246
1687 1003
1687 1687
1688 1688
1689 1689
1690 1690
1691 1691
1692 503
1692 1423
1692 1514
1692 1692
1692 2187
1692 2302
1692 2346
1692 2348
1692 2349
1693 965
1693 1391
1693 1693
1694 1694
1695 1695
1696 1696
1697 1697
1698 1698
1699 1699
1700 1700
1701 24
1701 157
1701 158
1701 231
1701 232
1701 335
1701 343
1701 416
1701 563
1701 699
1701 767
1701 1075
1701 1100
1701 1241
1701 1299
1701 1334
1701 1337
1701 1440
1701 1453
1701 1479
1701 1636
1701 1665
1701 1701
1701 1820
1701 1846
1701 1855
1701 1856
1701 1858
1701 1859
1701 1860
1701 1863
1701 1865
1701 1869
1701 1870
1701 1872
1701 1873
1701 1875
1702 463
1702 1240
1702 1702
1702 1966
1702 1971
1703 463
1703 759
1703 789
1703 963
1703 1365
1703 1703
1703 1968
1703 1971
1704 1704
1705 1289
1705 1705
1705 2081
1706 1706
1707 1707
1708 1708
1708 2313
1709 1709
1710 1710
1711 1711
1712 1712
1713 1713
1713 1898
1714 1714
1715 1715
1716 1716
1717 1717
1717 1731
1718 1718
1719 1719
1720 1720
1721 228
1721 1721
1721 2476
1722 1722
1723 565
1723 768
1723 1723
1724 1724
1725 687
1725 1070
1725 1427
1725 1725
1725 1740
1725 2334
1725 2413
1726 1726
1727 1727
1728 1728
1728 2599
1729 1729
1730 1730
1731 1731
1731 1755
1732 748
1732 1566
1732 1732
1733 1733
1734 1734
1735 1282
1735 1412
1735 1735
1736 1736
1737 1737
1737 1888
1737 2616
1738 1738
1739 616
1739 1739
1739 1750
1739 1766
1739 1886
1740 312
1740 915
1740 1740
1740 2389
1740 2391
1741 1741
1742 526
1742 1007
1742 1742
1742 1749
1742 2307
1742 2443
1742 2445
1743 742
1743 1412
1743 1743
1744 1744
1745 1589
1745 1745
1745 2596
1746 1746
1747 1747
1748 1748
1749 1749
1750 1601
1750 1750
1751 1751
1751 2596
1752 1752
1753 1753
1754 1754
1755 1755
1756 1756
1757 1757
1758 1758
1759 493
1759 1759
1760 1760
1761 223
1761 1761
1761 2175
1762 1762
1763 1763
1764 1764
1765 823
1765 1040
1765 1492
1765 1711
1765 1719
1765 1720
1765 1765
1766 1766
1767 1767
1768 1768
1769 1769
1770 1770
1771 1771
1772 1772
1772 1782
1772 2045
1773 1773
1774 1774
1775 1775
1776 337
1776 1283
1776 1499
1776 1735
1776 1776
1777 1777
1778 1778
1779 1779
1779 2318
1780 1780
1781 306
1781 1781
1781 2107
1782 1782
1782 2326
1783 1783
1784 1784
1785 317
1785 1785
1786 1624
1786 1786
1787 1787
1787 2045
1788 1788
1789 1015
1789 1773
1789 1789
1790 1609
1790 1790
1791 1197
1791 1791
1792 1792
1793 1793
1794 1794
1794 1795
1795 1795
1795 2299
1796 1796
1797 1797
1797 2088
1798 1798
1799 1799
1800 1800
1801 1801
1802 1802
1803 1803
1804 1804
1805 1805
1806 1806
1806 1809
1807 962
1807 1807
1808 1808
1809 1809
1810 481
1810 511
1810 549
1810 716
1810 719
1810 835
1810 962
1810 1004
1810 1062
1810 1095
1810 1107
1810 1121
1810 1331
1810 1576
1810 1787
1810 1808
1810 1809
1810 1810
1810 1811
1810 1817
1810 1820
1810 1822
1810 1823
1811 1811
1812 1812
1813 1813
1814 1814
1815 1815
1816 1816
1817 1817
1818 1818
1819 1819
1820 1820
1821 1821
1822 1822
1823 1823
1824 1183
1824 1470
1824 1824
1824 1825
1825 1825
1826 645
1826 1408
1826 1409
1826 1826
1826 1827
1827 1827
1828 1408
1828 1827
1828 1828
1829 1829
1830 1830
1831 1831
1832 1832
1833 1833
1834 1833
1834 1834
1835 1835
1836 1836
1837 1330
1837 1837
1838 1838
1838 2219
1839 1839
1839 2424
1839 2453
1840 1840
1841 1841
1842 1203
1842 1842
1842 2405
1843 1843
1844 1844
1845 1845
1846 1846
1847 1847
1848 1224
1848 1848
1849 1487
1849 1849
1850 666
1850 1013
1850 1850
1851 1851
1851 2485
1852 1852
1853 1853
1854 1854
1855 1855
1856 1856
1856 2096
1857 1857
1858 1858
1859 1859
1860 1860
1861 1861
1862 926
1862 1701
1862 1862
1863 1863
1864 1864
1865 1865
1866 1866
1867 1867
1868 1868
1869 203
1869 465
1869 1869
1870 1870
1871 228
1871 1871
1872 1872
1873 1873
1874 1106
1874 1874
1874 2501
1875 1875
1876 1876
1877 1877
1878 1878
1879 1879
1880 1269
1880 1880
1881 735
1881 1543
1881 1881
1882 514
1882 661
1882 1882
1883 1883
1884 249
1884 1884
1884 1958
1885 1885
1886 1886
1887 1887
1888 1888
1889 1889
1889 1891
1889 1892
1889 2039
1890 1890
1891 1891
1892 1892
1893 1893
1894 536
1894 770
1894 1049
1894 1479
1894 1894
1894 2118
1895 1895
1896 793
1896 1896
1896 1897
1897 1897
1898 755
1898 1898
1899 645
1899 1899
1899 2491
1900 1900
1901 645
1901 1901
1901 2284
1902 448
1902 793
1902 1360
1902 1902
1902 1904
1903 840
1903 1897
1903 1903
1904 1904
1905 1905
1906 1906
1907 566
1907 673
1907 1907
1908 1178
1908 1474
1908 1908
1909 1131
1909 1171
1909 1909
1910 1910
1911 1911
1912 995
1912 1338
1912 1912
1912 2102
1913 1913
1914 604
1914 778
1914 830
1914 1079
1914 1359
1914 1464
1914 1592
1914 1674
1914 1676
1914 1849
1914 1905
1914 1914
1914 1915
1914 1916
1914 1917
1915 1915
1916 1916
1917 1917
1918 1918
1919 1919
1920 1920
1920 1926
1920 2653
1921 1921
1922 1922
1923 1923
1924 1924
1925 1925
1926 1926
1926 2051
1926 2189
1927 405
1927 769
1927 1152
1927 1923
1927 1924
1927 1927
1927 1930
1928 1928
1928 2475
1929 1929
1930 1930
1931 1931
1932 1932
1933 1933
1934 1934
1935 1935
1936 1936
1937 1937
1938 1938
1939 1939
1940 1940
1941 1334
1941 1941
1942 875
1942 1942
1943 1943
1944 1944
1944 1945
1944 1950
1945 1945
1945 1946
1946 1946
1947 1947
1948 1819
1948 1948
1949 1949
1950 1054
1950 1432
1950 1950
1951 1951
1951 1952
1952 788
1952 942
1952 1952
1953 1953
1954 1954
1954 1955
1954 1957
1954 1958
1955 1168
1955 1226
1955 1955
1956 1956
1957 1355
1957 1957
1958 1958
1959 132
1959 904
1959 1959
1960 1960
1961 1961
1962 1962
1963 1963
1964 1964
1965 1965
1966 443
1966 463
1966 946
1966 1964
1966 1966
1967 1967
1968 1968
1969 1969
1970 1970
1971 1971
1972 1972
1973 252
1973 490
1973 504
1973 779
1973 822
1973 1482
1973 1637
1973 1973
1974 1974
1975 1975
1976 1976
1977 1977
1978 436
1978 1978
1979 1979
1980 1980
1981 490
1981 1981
1982 1982
1983 438
1983 1983
1984 1178
1984 1984
1985 1985
1986 45
1986 68
1986 151
1986 232
1986 335
1986 476
1986 673
1986 745
1986 968
1986 1023
1986 1095
1986 1127
1986 1149
1986 1166
1986 1434
1986 1453
1986 1558
1986 1574
1986 1812
1986 1870
1986 1875
1986 1986
1986 1988
1986 1989
1986 1990
1986 1991
1986 1995
1986 1996
1986 1998
1986 1999
1986 2000
1986 2002
1986 2009
1987 1987
1988 1988
1989 1989
1990 1990
1991 1991
1992 1992
1993 1993
1994 1994
1995 1995
1996 1996
1996 2063
1996 2064
1997 1997
1998 1197
1998 1998
1998 2326
1999 818
1999 1999
2000 267
2000 2000
2001 574
2001 2001
2001 2002
2001 2003
2001 2123
2001 2348
2001 2380
2002 2002
2003 2003
2004 2004
2005 2005
2006 2006
2007 2007
2008 2008
2009 2009
2010 161
2010 2010
2010 2016
2011 88
2011 2011
2012 2012
2013 2013
2014 2014
2015 2015
2016 973
2016 2016
2017 1487
2017 2017
2018 1658
2018 2018
2018 2019
2019 2019
2020 2020
2021 65
2021 1628
2021 2021
2022 2022
2023 2023
2024 2024
2025 1357
2025 1498
2025 1583
2025 2025
2025 2026
2025 2027
2025 2028
2026 2026
2027 2027
2028 2028
2029 2029
2030 2030
2030 2112
2031 2031
2032 2032
2033 2033
2034 49
2034 86
2034 417
2034 691
2034 791
2034 1270
2034 1319
2034 1448
2034 1614
2034 1807
2034 1812
2034 1968
2034 2034
2034 2035
2034 2036
2034 2037
2034 2039
2034 2041
2034 2042
2034 2130
2035 2035
2036 2036
2037 2037
2038 2038
2039 2039
2040 2040
2040 2120
2041 2041
2042 2042
2043 2043
2044 2044
2045 341
2045 1248
2045 1651
2045 1784
2045 1791
2045 1852
2045 2026
2045 2045
2045 2048
2046 2046
2047 2047
2048 2048
2049 2049
2050 2050
2051 2051
2052 2052
2053 2053
2054 525
2054 1540
2054 2054
2055 2055
2056 2056
2056 2311
2056 2576
2057 2057
2058 2058
2058 2150
2059 405
2059 1906
2059 2059
2060 2060
2061 2061
2062 2062
2063 2063
2064 2064
2065 2065
2065 2067
2066 2066
2067 2067
2068 1377
2068 2068
2069 2069
2069 2070
2070 2070
2071 1435
2071 1592
2071 2071
2072 2072
2073 2073
2074 2074
2074 2181
2075 1020
2075 2075
2075 2076
2075 2077
2075 2667
2076 2076
2077 486
2077 1704
2077 2077
2078 2078
2079 2079
2080 1245
2080 1367
2080 1770
2080 2080
2081 2081
2082 2082
2083 505
2083 957
2083 1685
2083 2083
2083 2168
2084 2084
2085 2085
2086 2086
2087 2087
2088 2088
2089 2089
2090 2090
2091 2091
2092 2092
2093 831
2093 2093
2094 441
2094 2086
2094 2094
2095 135
2095 2095
2095 2504
2096 2096
2097 522
2097 975
2097 2097
2098 2098
2099 868
2099 2099
2099 2425
2100 2100
2101 2101
2102 2102
2103 2103
2104 2104
2105 2105
2106 2106
2107 2107
2108 2108
2109 1396
2109 1421
2109 2109
2110 2110
2111 2111
2112 711
2112 2112
2113 2113
2114 2114
2114 2509
2114 2519
2115 2115
2115 2117
2116 2116
2117 1846
2117 1867
2117 2117
2118 2118
2119 2119
2120 442
2120 2120
2120 2637
2121 2121
2121 2122
2122 196
2122 627
2122 2122
2123 2003
2123 2123
2124 2124
2125 2125
2126 1111
2126 2124
2126 2126
2127 1119
2127 2127
2128 2128
2129 2129
2130 691
2130 912
2130 1261
2130 1890
2130 2130
2131 2131
2132 2132
2133 434
2133 2133
2134 2134
2135 190
2135 2135
2136 2136
2137 2137
2138 2138
2139 2139
2140 1301
2140 2139
2140 2140
2141 2141
2142 2142
2143 2143
2144 2144
2144 2329
2144 2331
2145 1512
2145 2095
2145 2145
2146 509
2146 2146
2146 2147
2147 658
2147 1664
2147 2147
2148 2148
2149 2149
2150 2150
2151 2151
2151 2423
2152 2152
2153 2153
2154 2154
2155 280
2155 539
2155 749
2155 993
2155 1131
2155 1224
2155 1535
2155 2155
2156 2024
2156 2156
2157 1835
2157 2157
2157 2160
2158 2158
2159 2159
2159 2160
2160 2160
2161 2161
2162 61
2162 2162
2162 2163
2163 2163
2164 2164
2164 2217
2165 2165
2166 2166
2167 2167
2168 2168
2169 1546
2169 2168
2169 2169
2170 2170
2171 2171
2172 1628
2172 2172
2172 2182
2173 2173
2174 2174
2175 2175
2175 2176
2176 595
2176 1382
2176 2176
2177 2177
2178 737
2178 1979
2178 2178
2179 2179
2180 2180
2180 2183
2181 525
2181 2181
2181 2196
2181 2197
2182 95
2182 1285
2182 1838
2182 2133
2182 2180
2182 2182
2182 2198
2182 2231
2182 2233
2183 2183
2184 2184
2185 2185
2186 2186
2187 2187
2188 2188
2189 847
2189 1395
2189 2189
2190 2190
2191 2191
2192 495
2192 2192
2193 2193
2194 324
2194 1120
2194 2194
2195 2195
2196 2196
2197 965
2197 2197
2198 2198
2199 680
2199 2186
2199 2199
2199 2201
2200 2200
2201 2201
2202 2202
2203 1801
2203 2203
2203 2330
2204 2204
2205 1952
2205 2205
2206 1952
2206 2206
2207 2207
2208 2208
2209 2209
2210 2210
2211 2211
2212 2212
2213 2213
2214 2214
2214 2216
2215 1724
2215 2215
2216 1724
2216 2212
2216 2216
2217 231
2217 2217
2218 2218
2219 2219
2220 2220
2221 2220
2221 2221
2222 284
2222 2222
2222 2224
2223 2223
2223 2224
2224 284
2224 2224
2224 2225
2225 2225
2226 2226
2227 1269
2227 1630
2227 2227
2228 2228
2229 2229
2230 2230
2231 2231
2232 2232
2233 2233
2234 2234
2235 2235
2236 805
2236 2236
2236 2237
2237 2237
2238 151
2238 2237
2238 2238
2238 2239
2238 2240
2239 2239
2240 2240
2241 1503
2241 2207
2241 2241
2242 2242
2243 2243
2243 2246
2244 2244
2245 2245
2246 2246
2247 2246
2247 2247
2247 2509
2248 428
2248 996
2248 1071
2248 1461
2248 1545
2248 2248
2248 2249
2249 1257
2249 2249
2249 2671
2250 348
2250 2250
2251 2251
2252 2252
2253 2253
2254 2254
2255 2255
2256 2256
2257 2257
2258 2258
2259 2259
2259 2337
2260 2260
2261 2261
2262 2262
2263 2263
2263 2490
2264 2264
2265 2265
2266 2266
2266 2321
2267 2267
2268 2268
2268 2291
2269 370
2269 1903
2269 2269
2269 2270
2270 128
2270 1354
2270 2270
2271 2271
2272 2272
2273 2273
2274 2274
2275 2275
2276 2276
2277 2277
2278 2278
2279 2279
2279 2466
2280 2280
2281 2281
2282 2282
2283 2283
2284 2284
2285 989
2285 2285
2285 2286
2286 2286
2287 2287
2288 2288
2289 2289
2290 2290
2290 2464
2290 2496
2291 481
2291 2291
2291 2292
2292 2292
2293 2293
2294 2294
2295 1110
2295 2295
2296 2230
2296 2296
2297 2297
2298 2298
2299 2299
2300 2300
2301 2301
2302 2302
2303 2303
2304 2304
2305 453
2305 1818
2305 2305
2306 1278
2306 2306
2306 2552
2307 2307
2308 482
2308 2308
2308 2559
2309 1021
2309 1399
2309 2309
2310 2310
2311 2311
2312 2312
2313 2313
2314 2314
2315 2315
2316 2316
2317 1928
2317 2317
2318 2318
2319 2319
2320 2320
2321 2321
2322 2322
2323 2323
2324 2324
2325 1768
2325 2325
2326 2326
2327 2327
2328 2328
2329 397
2329 2329
2329 2330
2330 2330
2331 2331
2332 2332
2333 2333
2334 2334
2335 1474
2335 2259
2335 2335
2335 2336
2336 1428
2336 2336
2336 2524
2337 2337
2338 2338
2339 1191
2339 2339
2340 2340
2341 2341
2342 2342
2343 2343
2344 2344
2345 2345
2346 2346
2347 2347
2348 2348
2349 2346
2349 2349
2350 2350
2351 906
2351 2351
2352 2352
2353 2353
2354 2354
2355 2355
2356 2356
2357 94
2357 2356
2357 2357
2358 1460
2358 1469
2358 2358
2359 480
2359 1175
2359 1834
2359 2359
2360 2360
2360 2578
2361 2361
2362 2362
2363 2363
2364 2051
2364 2364
2365 1709
2365 1738
2365 2365
2366 1738
2366 2366
2367 894
2367 1147
2367 2367
2367 2368
2367 2370
2367 2371
2368 2368
2369 2369
2370 2370
2371 2371
2372 2372
2373 2373
2374 2374
2375 371
2375 2375
2376 1428
2376 2376
2377 2377
2378 2378
2379 2379
2380 2380
2381 2381
2382 2382
2383 814
2383 924
2383 1635
2383 2383
2384 2384
2385 1338
2385 2102
2385 2103
2385 2385
2386 885
2386 2386
2387 299
2387 1510
2387 2387
2388 551
2388 1377
2388 2388
2389 2389
2390 1041
2390 2390
2391 2391
2392 2392
2393 2393
2394 471
2394 504
2394 600
2394 724
2394 1027
2394 1396
2394 2394
2394 2396
2395 1396
2395 2395
2396 2396
2397 2397
2398 2398
2399 2240
2399 2399
2399 2434
2400 2400
2401 2401
2401 2434
2402 2402
2403 2403
2404 2404
2405 1979
2405 2281
2405 2405
2406 2406
2407 2407
2408 2408
2409 2409
2410 2410
2411 2411
2412 469
2412 2412
2413 2413
2414 2414
2415 2413
2415 2415
2416 2416
2417 2417
2418 65
2418 572
2418 2418
2419 497
2419 1848
2419 2419
2420 2420
2421 2421
2422 2422
2423 2423
2424 2424
2425 2425
2426 2426
2427 349
2427 2427
2428 2428
2429 2429
2430 2430
2431 2431
2432 2432
2433 2433
2434 2434
2435 2435
2436 2436
2437 2437
2438 2438
2439 2439
2440 2440
2441 2441
2442 2442
2443 2443
2444 464
2444 2444
2444 2503
2445 2445
2446 1712
2446 2446
2446 2447
2446 2448
2447 2447
2448 2448
2449 2449
2450 562
2450 754
2450 1284
2450 2450
2451 1801
2451 2389
2451 2390
2451 2391
2451 2392
2451 2451
2452 2452
2453 2453
2454 2454
2455 2455
2456 2456
2457 2457
2457 2649
2458 2458
2459 2459
2460 2460
2461 2461
2462 2462
2463 340
2463 2463
2464 1207
2464 1795
2464 2464
2465 2465
2466 533
2466 1758
2466 2466
2467 2467
2468 2468
2469 2469
2470 2470
2471 2471
2472 667
2472 1017
2472 2472
2473 2473
2474 2474
2475 2475
2476 564
2476 1596
2476 2476
2477 2477
2478 2478
2479 2479
2480 2480
2481 2481
2482 2482
2483 2483
2484 2484
2485 1370
2485 1592
2485 2485
2486 2486
2487 2487
2488 2488
2489 2489
2490 2490
2491 2491
2492 1765
2492 2492
2493 855
2493 2493
2494 2494
2495 2495
2496 2496
2497 703
2497 2497
2498 1484
2498 2498
2499 2499
2500 2500
2501 1092
2501 1321
2501 2501
2502 2502
2503 616
2503 1216
2503 2503
2504 2504
2505 2505
2506 2506
2507 2507
2508 2508
2509 2509
2510 2510
2511 2511
2512 2512
2513 2513
2514 2514
2515 2514
2515 2515
2516 2516
2516 2517
2517 2517
2518 1257
2518 2249
2518 2518
2519 2519
2520 2520
2521 2521
2522 2522
2523 2523
2524 2524
2525 2525
2526 2526
2527 2527
2528 2528
2529 2529
2530 2530
2531 2531
2532 2532
2533 2533
2534 729
2534 2534
2534 2535
2535 2535
2536 2536
2537 2537
2538 492
2538 1257
2538 2538
2539 2539
2539 2540
2539 2632
2540 2540
2541 2541
2542 2542
2543 1000
2543 2543
2544 2544
2545 2545
2546 466
2546 628
2546 2546
2547 2547
2548 2548
2549 2549
2550 2550
2551 2551
2552 2552
2553 1911
2553 2553
2554 2554
2555 1728
2555 2338
2555 2555
2556 2556
2557 2557
2558 2558
2559 2559
2560 2560
2561 2561
2562 2562
2563 2563
2564 1379
2564 2564
2565 2565
2565 2566
2566 2566
2567 2567
2568 2568
2569 2569
2570 2570
2570 2572
2570 2573
2571 2571
2572 2572
2573 2573
2574 2574
2575 2575
2576 2576
2577 2577
2578 2578
2579 2579
2580 2580
2581 2581
2582 2582
2583 2583
2584 2584
2585 2585
2586 2586
2587 2587
2588 2588
2589 2589
2590 2590
2591 2591
2592 2592
2593 2593
2594 2594
2595 2595
2596 2596
2597 2597
2598 2598
2599 2599
2600 2600
2601 2601
2602 2602
2603 2603
2604 2604
2605 2605
2606 2606
2607 2607
2608 2608
2609 2609
2610 2610
2611 2611
2612 2612
2613 2613
2614 1599
2614 2442
2614 2614
2615 2615
2616 2616
2617 2617
2618 2618
2619 2619
2620 2620
2621 2621
2622 2622
2623 2623
2624 2624
2625 2625
2626 2626
2627 2627
2628 2628
2629 2629
2630 2630
2631 2631
2632 2632
2633 2633
2634 2634
2634 2636
2635 2635
2636 2636
2637 2637
2638 2638
2639 2639
2640 2640
2641 2641
2642 364
2642 1756
2642 2642
2643 2643
2644 2644
2645 258
2645 1443
2645 2645
2646 2646
2647 2647
2648 2648
2649 2649
2650 2650
2651 2651
2652 871
2652 2652
2653 2653
2654 2654
2655 2655
2656 2656
2657 2657
2658 2658
2659 2659
2660 2660
2661 2661
2662 2662
2663 2663
2664 2664
2665 2665
2666 2666
2667 1020
2667 2076
2667 2667
2668 45
2668 2667
2668 2668
2669 2669
2670 2670
2671 1071
2671 1109
2671 1206
2671 2671
2671 2674
2671 2675
2672 2672
2673 2673
2674 2674
2675 2675
2676 2676
2677 2677
2678 2678
2679 1257
2679 2679
2679 2682
2680 2680
2681 361
2681 1449
2681 2681
2682 2682
2683 2683
2684 2684
2685 1718
2685 2685
2686 2686
2687 2687
2688 2688
2689 2689
2690 2690
2691 2691
2692 2692
2693 2693
2694 2694
2695 2695
2696 2696
2697 2697
2698 2698
2699 2699
2700 2700
2701 2701
2702 2702
2703 2703
2704 2704
2705 2705
2706 2706
2706 2707
2707 2707
