0 0
1 1
1 158
1 2933
2 2
3 3
3 1431
4 4
5 5
6 6
7 7
7 1833
8 8
8 178
9 9
10 10
10 1670
11 11
12 12
12 557
12 839
12 966
12 1622
12 2474
12 2487
13 13
13 1167
13 1493
14 14
14 1248
15 15
16 16
16 616
16 622
16 1013
16 1422
16 1708
16 2166
16 2417
17 17
17 879
18 18
18 778
18 812
19 19
19 1338
19 3308
20 20
21 21
22 22
22 2140
22 3251
23 23
24 24
24 2027
25 25
25 2331
26 26
26 2729
27 27
27 1943
27 2021
27 2282
27 2782
28 28
28 1447
28 1578
28 1912
28 2059
28 2314
28 2315
29 29
30 30
31 31
31 136
31 1131
32 32
32 3009
33 33
33 1822
33 3197
34 34
35 35
36 36
37 37
38 38
38 2388
39 39
39 2466
40 40
40 631
41 41
41 606
41 1059
42 42
43 43
43 1238
43 1429
43 1731
43 2632
44 44
45 45
46 46
47 47
47 3130
47 3131
48 48
49 49
49 1253
49 1510
50 50
50 2529
51 51
51 493
51 1034
51 1214
51 2525
52 52
52 1617
53 53
54 54
54 728
54 2378
55 55
55 186
55 2324
56 56
56 2609
57 57
57 487
58 58
58 284
58 2009
59 59
59 962
59 2826
60 60
60 916
60 2992
61 61
61 1514
61 2063
62 62
63 63
64 64
65 65
66 66
66 1062
66 3144
67 67
68 68
69 69
69 157
69 2370
70 70
70 808
70 2335
70 2557
71 71
71 660
72 72
73 73
73 497
73 832
74 74
75 75
75 1300
75 1697
76 76
76 2428
76 2530
76 2955
77 77
78 78
78 2043
78 2366
79 79
79 2089
80 80
80 3029
81 81
81 558
81 591
81 2414
82 82
83 83
83 540
83 584
83 654
83 1077
83 1225
83 1383
83 2673
83 3299
84 84
85 85
86 86
86 1857
87 87
87 2215
88 88
89 89
90 90
91 91
92 92
93 93
94 94
94 1192
95 95
95 110
95 928
95 3274
96 96
96 132
96 339
97 97
97 1201
97 2572
98 98
98 386
98 936
98 1406
98 2174
98 2511
99 99
99 2571
100 100
100 1026
101 101
101 825
101 1325
101 1434
101 3161
102 102
102 1748
102 2198
103 103
104 104
104 1964
105 105
106 106
106 2643
106 2776
107 107
108 108
109 109
109 1454
109 1819
110 110
110 1704
110 3274
111 111
112 112
113 113
113 150
113 1533
114 114
114 553
114 1419
114 1686
115 115
115 880
116 116
117 117
118 90
118 118
119 119
119 132
119 3133
120 120
120 337
121 121
121 1911
122 122
122 827
123 123
124 124
125 125
126 126
127 127
128 128
129 129
130 130
131 131
131 3324
132 132
132 1329
132 3134
133 133
134 134
135 135
135 2080
136 43
136 136
136 2507
136 2520
136 2598
137 137
138 138
138 1736
138 1853
138 2196
139 139
139 958
140 140
141 141
142 142
142 1200
142 1455
143 143
144 144
144 1130
144 2110
145 145
146 146
147 147
147 1350
147 1647
147 2404
147 2626
148 148
148 1770
149 149
150 150
151 151
151 2217
151 2299
152 152
152 1666
153 153
153 396
153 744
154 154
154 450
154 1112
155 155
155 922
155 2643
156 156
156 942
156 3084
157 99
157 157
157 1178
158 158
158 2919
159 159
160 160
160 934
160 1616
161 161
161 2735
161 3070
162 162
163 163
164 164
165 165
165 944
165 2804
166 166
167 167
167 2909
168 168
169 169
169 247
170 170
170 1755
170 2803
171 171
172 172
172 1557
172 2322
173 173
174 174
175 175
176 176
176 2750
177 177
177 1971
177 2442
178 178
179 179
179 1298
179 2436
180 180
180 351
180 2638
181 181
182 182
183 183
184 184
185 185
186 186
186 2507
187 187
188 188
189 189
189 2076
189 2434
190 190
190 325
190 3107
191 191
191 2169
192 192
193 193
194 194
194 397
194 1522
194 3051
195 195
195 1407
196 196
197 197
198 198
198 1453
198 2001
199 199
200 200
200 2843
201 201
202 202
203 203
204 204
205 205
205 783
205 854
205 3076
206 206
207 207
208 208
208 218
208 404
208 438
208 997
208 1534
208 2706
209 209
210 210
211 211
212 212
212 2835
212 2836
213 213
213 2097
213 3073
214 214
214 2485
214 2773
215 215
216 216
216 695
216 1655
217 217
217 1319
217 2867
218 218
218 1482
218 1718
219 219
219 2254
220 220
221 221
222 222
222 2729
222 2857
223 223
224 224
225 225
225 741
225 3203
226 226
226 1907
227 227
227 843
227 1809
228 228
228 300
228 411
228 3012
229 229
229 307
229 887
229 2282
229 2785
230 230
230 356
230 1968
231 231
232 232
232 252
233 233
234 234
234 2391
235 235
236 236
236 1582
237 237
237 585
237 2564
238 238
239 239
239 1321
239 3230
240 240
241 241
241 603
241 1414
242 242
242 796
243 243
244 244
245 245
245 3124
246 246
247 247
247 1217
247 2613
248 248
248 1669
249 249
250 250
251 251
252 252
253 253
254 254
254 1543
254 2067
254 2551
254 2733
255 255
256 256
257 257
257 2970
258 258
259 259
259 2978
260 260
261 261
262 262
263 263
263 737
263 886
264 264
265 265
265 1536
265 2220
266 266
266 2067
266 3298
267 267
267 749
268 268
269 269
269 3228
269 3235
270 270
271 271
272 272
273 273
273 416
273 1417
274 274
275 275
275 710
276 276
277 277
278 278
278 2469
279 279
279 688
279 1928
280 280
280 1563
281 281
282 282
282 2348
283 283
283 3252
284 284
285 285
285 1418
286 286
286 1466
286 2401
287 287
288 288
289 289
290 290
291 291
292 292
292 2141
292 2854
293 293
293 1874
294 294
295 295
296 296
297 297
297 513
298 298
299 299
299 1134
300 300
300 1531
300 2815
301 301
302 302
303 303
303 937
303 1343
303 2116
303 2585
304 304
304 2025
305 305
306 306
307 307
307 585
307 2230
307 2398
308 308
308 3221
309 309
310 310
310 1878
310 2937
311 311
312 312
313 313
313 964
314 314
314 622
314 1422
314 1567
314 1708
314 2166
314 2596
315 315
316 316
316 777
316 2931
317 317
318 318
319 319
320 320
321 321
321 3083
322 322
323 323
324 324
325 325
326 326
326 984
327 327
328 328
329 329
329 1889
329 2517
330 330
331 331
331 1709
331 2948
332 332
332 2259
333 333
334 334
335 335
335 1088
336 336
336 876
336 1180
336 2580
336 2581
337 337
338 338
339 339
339 472
340 340
341 341
342 342
342 678
343 343
344 344
344 3289
345 345
346 346
347 347
347 2073
347 2527
348 348
349 349
350 350
351 351
351 661
351 2639
352 352
352 1728
353 353
354 354
355 355
356 356
357 357
357 2350
357 2351
358 358
359 359
360 360
361 361
361 2444
361 2649
362 362
362 2340
363 363
364 364
364 1991
365 365
365 1150
366 366
367 367
368 368
369 369
370 370
370 2157
371 371
371 1369
371 1746
371 1981
372 372
373 373
373 1117
373 2490
374 374
374 1411
374 2368
375 375
376 376
377 377
378 378
378 3272
379 379
380 380
380 3188
381 381
382 382
383 383
384 384
385 385
386 386
387 387
388 388
389 389
389 2989
390 390
390 871
390 1916
391 391
392 392
393 393
394 394
395 395
396 396
397 397
398 398
399 399
400 400
401 401
402 402
403 403
404 404
404 2703
404 2705
404 2966
405 405
405 1660
406 406
407 407
408 408
409 409
409 1341
409 2584
410 410
410 3106
411 317
411 411
411 1410
412 412
412 2440
413 413
413 805
413 2718
414 414
414 1128
414 2565
415 415
416 416
416 2645
417 417
418 418
419 419
420 420
421 421
421 1135
421 1162
422 422
423 423
424 424
425 425
426 426
427 427
427 840
427 2114
428 428
429 429
429 2028
430 430
430 2844
431 431
431 869
431 1268
432 432
433 433
434 434
434 2361
434 2362
435 435
435 1019
436 436
437 437
438 438
438 2703
438 2705
439 439
439 2011
440 440
441 441
441 2501
442 442
443 443
443 857
443 2406
444 444
445 445
445 2891
446 446
447 447
448 448
448 888
449 449
450 272
450 450
450 882
450 1915
450 1965
451 451
451 1630
452 452
453 453
453 1009
453 1214
453 1599
453 1644
453 2254
453 2475
453 2784
453 2786
454 454
455 455
456 456
457 457
458 458
458 2233
459 459
460 460
460 992
460 1751
461 461
462 462
463 463
463 2540
464 464
465 465
465 2345
465 2973
466 466
467 467
468 468
468 680
468 768
468 930
468 1362
468 1473
468 1665
468 1853
468 2719
469 469
469 1478
470 470
471 471
471 1676
471 2588
472 472
472 541
472 703
473 473
474 474
474 3055
475 475
476 476
476 1247
476 2203
477 477
478 478
479 479
480 480
481 481
482 482
482 830
482 1076
483 483
483 2020
484 484
485 485
485 1052
486 486
486 509
486 1362
486 1570
486 2891
487 487
487 734
487 1651
488 488
489 489
490 490
490 2858
491 491
492 492
492 2181
493 493
493 1214
493 2151
494 494
495 495
496 496
497 497
497 2974
497 2975
498 498
499 499
500 500
501 501
502 502
503 503
504 504
504 624
505 505
506 506
506 1583
507 507
508 508
509 509
509 1570
510 510
511 511
512 512
513 513
514 514
514 2810
515 515
516 516
517 517
517 1583
517 2647
518 518
519 519
520 520
520 2402
521 521
522 522
523 523
523 2349
524 524
524 1537
524 2938
525 525
525 705
525 2573
526 526
526 920
527 527
528 528
528 2829
529 529
529 1958
530 530
530 1641
530 1966
531 531
532 532
533 533
533 1764
534 534
535 535
535 641
536 536
537 537
537 836
538 538
538 1506
539 539
540 294
540 540
540 555
540 2646
540 2910
540 2911
541 429
541 541
541 703
541 809
541 1704
541 2721
541 3047
541 3049
542 542
542 2295
543 543
544 544
545 545
546 546
547 547
548 548
548 1877
549 549
549 2361
550 550
551 551
552 552
553 553
554 554
555 555
556 556
557 150
557 557
557 1922
558 558
558 1145
558 2976
559 559
560 560
560 2482
561 561
561 2580
561 3025
562 562
562 1586
563 563
564 564
565 565
565 904
565 2484
566 566
566 2212
567 567
567 2486
567 2730
567 2898
567 3221
568 568
568 1839
569 569
570 570
571 571
572 572
572 1998
573 573
574 574
574 1109
574 2267
575 575
576 576
577 577
578 578
578 2367
579 579
580 580
581 581
582 92
582 379
582 405
582 582
582 587
582 647
582 676
582 1004
582 1170
582 1200
582 1410
582 1660
582 1693
582 1701
582 1753
582 1921
582 2066
582 2249
582 2391
582 2840
582 2921
582 2950
582 2973
582 3017
582 3217
583 583
584 584
584 2531
585 585
586 586
587 587
588 588
588 828
588 1255
589 589
590 590
590 2206
591 591
591 2414
591 2704
592 592
593 593
594 594
595 595
595 1961
596 596
597 597
598 598
599 599
600 600
601 601
602 602
602 958
603 402
603 603
603 2799
604 604
604 2458
605 605
606 606
607 607
608 608
609 609
609 684
610 610
610 1116
611 611
612 612
613 613
614 614
615 615
616 373
616 616
616 622
616 755
616 931
616 1708
616 2415
616 2596
617 617
618 595
618 618
619 619
620 575
620 620
620 2413
620 2439
620 2605
621 621
622 622
622 912
622 1117
622 1605
622 2416
622 2597
622 2925
623 623
624 569
624 624
624 1272
624 1836
624 2578
624 2845
624 3153
625 625
626 626
627 627
628 628
629 629
629 1460
629 1717
630 630
630 1757
631 631
632 632
633 633
634 634
635 635
636 636
637 637
637 1797
637 1921
637 2066
637 2440
638 638
639 639
639 1893
640 640
640 3214
641 641
641 1080
642 642
643 643
644 644
645 645
646 646
647 647
648 525
648 648
648 651
648 2575
649 649
649 2646
649 3046
650 650
651 651
652 652
653 653
654 654
655 655
655 687
655 3201
656 656
657 657
658 658
659 659
660 660
661 661
661 2639
661 2640
662 662
663 663
664 664
664 1203
665 665
666 666
666 1491
667 667
667 1099
667 1243
667 1555
667 1707
667 3101
668 668
669 669
670 670
670 865
670 1311
670 1472
670 2578
671 671
672 672
673 673
673 1293
673 2445
674 674
675 675
675 2875
676 676
677 677
677 985
677 1275
677 2199
678 678
679 679
680 680
681 681
682 682
683 683
684 684
685 685
686 686
687 687
688 688
689 689
690 690
690 3007
691 691
692 692
693 693
694 694
695 695
695 1682
695 2791
696 696
696 869
696 1236
697 697
698 698
699 699
700 700
701 701
702 702
703 703
704 704
705 705
706 706
707 707
708 708
709 709
709 1424
709 2369
710 710
711 711
711 3102
711 3103
712 712
713 713
714 714
715 377
715 715
716 716
716 2329
717 717
717 3311
718 718
719 719
720 720
721 721
721 1485
722 722
723 723
723 2219
724 724
725 725
726 726
727 727
728 728
729 729
730 730
730 2986
730 2987
731 731
732 732
733 733
734 734
734 1651
735 735
736 736
737 737
738 738
739 739
740 740
740 742
741 741
742 742
743 743
744 744
744 2586
744 3275
745 745
746 746
746 2420
747 747
747 960
747 1723
748 748
749 749
749 1195
749 1259
750 750
751 751
752 752
753 753
754 754
755 137
755 220
755 492
755 627
755 719
755 755
755 912
755 1647
755 2254
755 2257
755 2663
755 2664
755 2666
756 756
757 757
758 758
759 759
760 760
761 761
762 762
763 763
764 764
765 765
766 766
767 767
767 3254
768 768
768 2645
769 769
770 770
771 771
771 1103
772 772
772 1296
772 1331
773 773
774 774
774 1562
775 775
776 776
776 1030
777 624
777 777
777 2261
778 778
778 2252
779 779
780 780
781 781
782 782
783 783
783 2296
783 2835
784 784
785 785
786 786
787 787
788 788
789 789
790 790
790 1000
790 3026
791 791
792 792
792 2160
792 2476
793 793
794 794
794 1357
795 795
796 796
797 797
798 798
799 799
800 800
801 801
802 802
802 1854
803 803
803 990
804 804
805 805
806 806
807 807
808 808
808 2066
808 2562
809 809
810 810
811 811
812 812
812 1789
812 2963
813 813
814 814
815 815
816 816
816 2426
817 817
818 818
819 819
820 820
821 821
822 822
822 1043
822 2498
823 823
824 824
825 825
825 1080
825 2855
826 826
827 827
828 828
829 829
829 1505
830 830
831 831
832 832
833 833
834 834
835 835
835 2181
836 836
837 837
838 838
839 839
839 1357
840 840
840 2559
841 841
842 842
843 253
843 843
843 2202
844 844
845 845
846 846
847 847
847 1666
847 2360
847 2592
848 848
849 849
850 850
851 851
852 852
853 853
854 854
854 2620
855 855
856 856
857 857
857 2406
858 858
859 859
860 860
860 2497
861 861
861 2178
862 862
863 863
863 1780
864 864
864 1346
865 865
865 924
865 2266
866 866
867 867
868 868
869 869
870 870
871 871
872 872
873 873
873 2693
874 874
875 875
875 1257
875 1918
876 876
877 877
877 940
877 1379
878 878
879 879
880 880
881 682
881 881
881 2363
882 882
883 883
884 884
884 2512
885 885
886 499
886 886
886 2768
886 2769
887 453
887 887
887 1034
887 1351
887 2404
888 888
889 889
889 2545
890 890
891 891
891 1108
891 2087
892 892
893 893
894 894
895 895
896 896
897 897
898 898
899 899
900 900
901 901
901 1810
901 3037
902 902
902 2572
903 903
903 2145
904 864
904 904
904 2369
905 905
906 249
906 906
906 2568
907 907
908 908
908 1569
909 909
910 910
911 911
912 912
912 2490
913 913
914 914
914 2136
915 624
915 915
916 916
917 917
917 2176
918 918
919 919
920 920
920 1469
920 1832
921 921
922 922
922 1246
923 923
923 1170
923 3018
924 924
925 925
926 926
927 927
928 541
928 928
929 929
930 396
930 930
931 691
931 931
931 1117
932 932
933 933
933 1905
934 934
934 2133
935 935
935 2590
936 241
936 709
936 936
937 937
938 938
939 939
940 940
941 941
942 942
942 1863
942 2305
943 943
943 1554
944 944
945 945
946 946
946 1584
946 2379
947 947
948 948
949 949
950 950
951 951
951 1638
951 3154
952 952
953 953
953 2298
954 954
955 955
956 956
956 1461
957 957
958 958
958 2543
959 959
959 3075
960 960
961 961
962 302
962 528
962 962
962 2829
962 3073
963 963
964 964
965 965
965 1157
965 2234
966 150
966 966
967 967
968 468
968 968
968 1157
968 2226
968 2596
968 2774
968 2829
968 2882
968 2967
969 969
970 970
971 971
972 972
973 973
974 974
975 975
975 1295
976 976
977 977
978 978
979 979
980 980
980 2098
981 981
982 982
983 983
984 984
985 985
986 986
987 987
988 988
989 989
990 990
991 991
992 992
992 2242
993 993
993 2427
994 994
994 2675
995 995
996 996
997 997
997 1035
998 998
998 2589
998 3314
999 999
1000 1000
1000 3120
1001 1001
1001 1119
1002 1002
1002 2085
1002 2734
1003 1003
1004 698
1004 860
1004 1004
1004 2497
1005 1005
1006 1006
1006 2999
1007 1007
1008 1008
1009 1009
1010 1010
1011 1011
1011 2148
1011 2330
1012 492
1012 895
1012 1012
1012 1214
1012 2023
1012 2282
1012 2681
1013 755
1013 1013
1013 1422
1013 1567
1013 2597
1014 1014
1015 1015
1015 1275
1015 2783
1016 769
1016 1016
1017 1017
1018 1018
1018 2514
1019 1019
1020 1020
1021 1021
1021 3066
1022 1022
1022 1302
1023 1023
1024 1024
1025 1025
1026 664
1026 1026
1026 2158
1027 577
1027 1027
1027 2608
1028 1028
1029 1029
1030 1030
1030 2062
1030 2372
1031 1031
1032 1032
1033 383
1033 989
1033 1033
1033 1234
1033 2112
1034 220
1034 492
1034 1034
1034 1214
1034 1607
1034 2925
1035 1035
1035 1152
1035 1206
1036 917
1036 1036
1037 1037
1038 1038
1039 1039
1040 1040
1041 1041
1042 1042
1043 1043
1044 1044
1044 1395
1044 1619
1045 1045
1046 1046
1047 1047
1048 1048
1049 1049
1050 1050
1051 1051
1052 1052
1052 1239
1052 2657
1053 1053
1054 1054
1055 1055
1056 1056
1057 1057
1058 1058
1059 1059
1060 1060
1061 1061
1062 1062
1063 1063
1064 1064
1065 1065
1066 1066
1066 3036
1066 3203
1067 1067
1068 1068
1069 1069
1069 2504
1070 1070
1070 2399
1071 1071
1072 1072
1073 1073
1074 1074
1075 1075
1076 1076
1077 1077
1078 1078
1078 1259
1078 2848
1079 1079
1080 1080
1080 1348
1081 1081
1082 1082
1082 3273
1083 1083
1083 1709
1083 3069
1084 1084
1085 1085
1085 3139
1086 1086
1087 1087
1087 1239
1088 1088
1089 1089
1090 1090
1091 1091
1092 1092
1092 1662
1093 1093
1093 1990
1093 2423
1094 1094
1095 1095
1096 661
1096 1096
1097 138
1097 1097
1097 1467
1097 1625
1097 1894
1097 2427
1097 2648
1097 2919
1097 2933
1098 1098
1099 1099
1100 1100
1101 1101
1102 1102
1102 1939
1103 1103
1104 1104
1105 1105
1106 1106
1106 2403
1107 1107
1108 1108
1109 1109
1110 1110
1111 1111
1112 965
1112 1112
1112 1251
1112 1635
1112 2475
1112 2522
1112 2820
1113 1113
1114 1114
1115 1115
1116 1116
1116 1836
1117 1117
1118 1118
1119 1119
1119 1577
1120 1120
1120 2654
1121 1121
1122 1122
1123 1123
1123 1855
1124 1124
1125 1031
1125 1125
1126 1126
1127 1127
1128 1128
1129 1129
1130 1130
1130 1591
1130 1666
1130 2422
1131 138
1131 1131
1131 1666
1131 1875
1131 2621
1131 2681
1132 1132
1133 1133
1134 1134
1135 1135
1135 1485
1135 2683
1136 1136
1137 1137
1138 1138
1139 1139
1140 1140
1141 1141
1142 1142
1143 1048
1143 1143
1144 1144
1144 1282
1144 2382
1145 1145
1146 1146
1147 1147
1148 1148
1149 1149
1150 1150
1151 1151
1152 1152
1153 1153
1153 2968
1153 3078
1154 1154
1155 1155
1156 1156
1157 1157
1158 1158
1159 1159
1159 2086
1159 2754
1160 1160
1161 1161
1162 634
1162 1162
1163 1163
1164 1164
1165 1165
1165 2041
1166 1166
1167 1167
1167 1493
1167 2711
1168 1168
1169 1169
1170 1039
1170 1170
1170 2726
1171 1171
1172 1172
1173 1173
1173 2796
1174 1174
1175 1175
1176 1176
1177 1177
1178 1178
1179 1179
1180 1180
1180 2329
1180 2580
1181 1181
1182 1182
1183 1183
1184 1184
1185 1185
1186 1186
1186 1868
1187 1187
1188 1188
1189 1189
1189 2060
1190 1190
1191 1191
1192 1192
1193 1193
1194 1194
1194 2246
1195 1195
1196 1196
1197 1197
1198 1198
1199 1199
1200 1200
1201 1201
1202 818
1202 1064
1202 1202
1202 1570
1203 1203
1204 1204
1205 1205
1205 1212
1206 1206
1207 1207
1208 1208
1208 1767
1208 2877
1209 1209
1210 1210
1211 1211
1212 1212
1213 1213
1214 220
1214 807
1214 1054
1214 1214
1214 1219
1214 1230
1214 1724
1214 2053
1214 2230
1214 2398
1214 2444
1214 2649
1214 2784
1214 2826
1215 1215
1216 1216
1217 1217
1218 1218
1219 1219
1220 1220
1220 2670
1220 2672
1221 1221
1222 1222
1222 1864
1222 2434
1223 1223
1224 1224
1225 1170
1225 1225
1226 1226
1227 1227
1227 2095
1227 2642
1228 1228
1229 1229
1230 1230
1231 1231
1232 1232
1232 2211
1233 1233
1234 1234
1235 1235
1236 1236
1237 1237
1238 1238
1239 1239
1239 3215
1240 1240
1241 1241
1242 1242
1243 1243
1244 1244
1245 1245
1246 1246
1247 1247
1248 1248
1249 1249
1250 1250
1251 1251
1251 1965
1252 1252
1252 3118
1252 3119
1253 1253
1253 1328
1253 1510
1254 1254
1255 1255
1256 1256
1257 1257
1258 1258
1259 551
1259 1259
1259 2897
1260 1260
1261 1261
1262 495
1262 1262
1262 2978
1263 1263
1264 1044
1264 1264
1265 1265
1266 1266
1267 1267
1268 1268
1269 1269
1270 1270
1271 1271
1272 1272
1273 1273
1274 1274
1275 985
1275 1275
1276 1276
1277 1277
1278 1278
1279 1279
1279 2628
1280 1280
1281 1281
1282 1282
1283 1283
1284 1284
1285 1285
1286 1286
1287 1287
1288 1288
1289 1289
1290 59
1290 307
1290 895
1290 1290
1290 2023
1291 1291
1292 1292
1293 1293
1294 1294
1295 1295
1296 406
1296 733
1296 1296
1297 1297
1298 1298
1299 1299
1300 1300
1301 965
1301 1301
1301 2774
1302 1302
1302 2601
1303 1303
1304 1304
1305 1305
1306 1306
1306 3180
1307 1307
1308 1308
1309 1309
1310 1310
1311 1311
1312 1312
1313 1313
1313 3246
1314 1314
1315 1315
1316 1316
1317 1317
1318 1318
1319 1319
1319 2237
1320 1320
1320 2159
1321 1321
1321 3229
1322 1322
1323 1323
1324 1324
1325 1325
1326 1326
1327 1327
1328 1328
1329 1329
1330 864
1330 1330
1330 2371
1331 1331
1332 1332
1333 1333
1334 1334
1335 1335
1335 2578
1335 2612
1336 1336
1337 1337
1338 1338
1339 1339
1340 1340
1340 2855
1341 1341
1341 3151
1342 1342
1343 1343
1343 2829
1344 1344
1345 1345
1346 1346
1347 1347
1348 1348
1349 1349
1349 1749
1350 1350
1351 1351
1352 1352
1353 1353
1354 1354
1355 1355
1356 1356
1357 1041
1357 1357
1358 1358
1359 1359
1360 1360
1361 1361
1362 1362
1363 1363
1364 1364
1364 2240
1365 1365
1366 561
1366 1183
1366 1366
1366 2088
1366 2581
1367 1367
1368 1368
1369 1369
1369 3071
1370 1370
1371 1371
1372 1372
1373 1373
1374 1374
1375 1375
1376 1376
1377 1377
1378 1378
1379 1379
1379 2353
1380 1380
1381 1381
1381 1846
1382 1382
1383 1383
1384 1384
1385 1385
1386 1386
1387 1387
1388 1388
1389 1389
1390 1390
1391 1391
1392 1392
1392 2634
1392 3212
1393 1393
1394 1394
1395 1395
1396 1396
1397 1397
1398 1398
1399 1399
1400 1400
1401 1401
1402 1402
1403 1403
1404 1404
1405 1405
1406 1406
1407 1407
1408 1408
1409 1409
1410 1324
1410 1410
1410 2345
1411 1401
1411 1411
1411 2368
1412 1412
1413 1413
1414 402
1414 1414
1415 1415
1416 1416
1417 1417
1417 2645
1418 1418
1419 1419
1419 1698
1419 2389
1420 1420
1421 1421
1422 59
1422 181
1422 220
1422 289
1422 453
1422 492
1422 528
1422 549
1422 586
1422 633
1422 775
1422 835
1422 941
1422 962
1422 965
1422 978
1422 1034
1422 1117
1422 1157
1422 1251
1422 1273
1422 1422
1422 1582
1422 1590
1422 1644
1422 1724
1422 2047
1422 2115
1422 2116
1422 2139
1422 2181
1422 2230
1422 2254
1422 2257
1422 2398
1422 2475
1422 2585
1422 2650
1422 2664
1422 2681
1422 2783
1422 2823
1422 2824
1422 2826
1422 2827
1422 2828
1422 2829
1422 2830
1423 1423
1424 1424
1425 1425
1426 1426
1427 1427
1428 1428
1429 152
1429 1398
1429 1399
1429 1429
1429 1989
1429 2147
1429 2421
1430 1430
1431 64
1431 1431
1432 1432
1433 1433
1433 3065
1434 1434
1435 1435
1435 1854
1435 2898
1436 1436
1437 1437
1438 1438
1439 428
1439 1439
1439 2638
1440 1440
1441 1441
1442 1442
1443 1443
1444 1444
1445 1445
1446 1446
1447 595
1447 751
1447 1447
1448 1448
1449 1449
1450 1450
1451 1451
1452 1452
1453 1453
1454 1454
1455 1455
1456 1456
1456 2188
1457 1457
1457 2956
1458 1458
1459 1459
1460 1460
1461 1271
1461 1461
1461 2918
1462 1462
1462 3246
1463 1463
1464 1464
1465 1465
1466 1466
1467 1467
1468 1468
1469 1469
1470 1470
1471 1471
1471 2494
1471 2954
1472 1472
1472 1813
1473 1212
1473 1473
1474 1474
1475 1475
1476 1476
1477 1477
1478 1478
1479 1479
1480 1480
1481 1481
1482 1482
1483 1483
1484 1484
1484 2912
1485 1485
1486 1486
1487 1487
1488 1488
1489 1489
1490 1490
1491 1491
1491 1767
1491 2060
1492 1492
1493 1023
1493 1493
1493 2187
1494 1494
1495 1495
1496 1496
1497 1497
1498 1498
1499 1499
1500 1500
1501 1501
1502 1502
1503 1503
1504 1504
1505 1450
1505 1505
1506 1506
1507 1507
1508 1508
1509 1509
1510 1510
1511 1511
1512 1512
1513 1513
1514 1514
1515 1515
1516 1516
1517 1517
1517 1580
1518 1518
1519 1519
1520 1520
1521 1521
1522 1522
1523 1523
1523 3170
1523 3171
1524 1524
1525 1525
1526 1526
1527 1527
1528 1528
1529 503
1529 1529
1529 1925
1530 1530
1531 484
1531 1210
1531 1531
1532 1532
1533 1533
1534 1534
1534 2703
1535 1535
1536 319
1536 1536
1536 2452
1537 1537
1538 1538
1539 1539
1540 1540
1541 1541
1542 1542
1543 1286
1543 1543
1543 2067
1544 1544
1545 1545
1546 1546
1547 1547
1548 1548
1549 1549
1550 1550
1551 1464
1551 1551
1551 1704
1552 1552
1553 1553
1554 1554
1555 1555
1556 1556
1557 1557
1557 2322
1557 3227
1558 1558
1559 1559
1560 1560
1560 2559
1561 1561
1562 1562
1563 1563
1564 1564
1565 1565
1566 1566
1567 691
1567 968
1567 1567
1567 2182
1567 2418
1567 2655
1567 2925
1568 1568
1569 1569
1570 559
1570 1570
1571 1571
1572 1572
1573 1573
1574 1574
1575 1575
1576 1576
1577 1577
1577 2552
1578 1578
1579 1579
1580 1580
1580 2183
1580 2880
1581 1581
1582 1582
1582 2032
1583 1583
1584 1584
1585 1211
1585 1585
1585 1874
1585 2020
1585 2771
1586 1231
1586 1586
1587 1587
1587 2147
1588 1588
1589 1589
1590 1590
1591 1591
1592 1592
1593 1593
1594 1594
1595 1595
1596 1045
1596 1596
1596 3253
1597 1597
1598 1598
1599 1599
1600 1183
1600 1600
1601 1601
1602 1602
1603 1603
1604 1604
1605 373
1605 850
1605 912
1605 968
1605 1605
1605 1943
1605 2637
1606 1606
1607 1607
1608 1608
1609 1609
1610 1610
1610 3022
1611 1611
1612 1612
1613 1613
1613 2727
1614 1614
1615 1615
1616 1616
1617 1617
1617 1724
1617 2926
1617 3014
1618 1618
1619 1619
1620 304
1620 637
1620 808
1620 1087
1620 1326
1620 1620
1620 1771
1620 1817
1620 1826
1620 2245
1620 2721
1621 1621
1622 224
1622 1622
1623 1623
1623 1938
1624 1624
1625 43
1625 154
1625 968
1625 1070
1625 1251
1625 1453
1625 1587
1625 1625
1625 1821
1625 1875
1625 1965
1625 2429
1625 2638
1625 2681
1625 2886
1626 1626
1626 2856
1627 1627
1628 1628
1629 1629
1630 1630
1631 1631
1632 1632
1633 1633
1634 1634
1635 1635
1636 1636
1637 1637
1638 1638
1639 1639
1640 1640
1641 1641
1642 1642
1643 1643
1644 1351
1644 1644
1645 1645
1646 1646
1647 1112
1647 1647
1647 2626
1648 1648
1649 1649
1650 1650
1651 1651
1652 1652
1653 1653
1654 1654
1655 434
1655 1655
1655 2506
1656 1656
1657 1657
1658 1658
1659 1659
1660 1660
1661 1661
1662 1662
1663 1663
1664 1664
1664 3297
1665 872
1665 1665
1666 1230
1666 1399
1666 1666
1666 1989
1667 1667
1668 894
1668 1668
1668 2399
1669 1669
1670 1670
1670 3256
1671 1671
1672 1155
1672 1672
1673 1673
1674 1674
1675 1675
1676 713
1676 1676
1676 2588
1677 1143
1677 1677
1677 1737
1678 1678
1678 2631
1679 1679
1680 1680
1681 1681
1682 1682
1683 1683
1683 2449
1683 2451
1684 1684
1685 1685
1686 1686
1687 254
1687 1687
1687 1992
1688 1688
1689 1689
1690 1690
1691 1691
1692 1692
1693 1693
1694 1694
1695 1695
1695 2037
1696 1696
1697 1697
1698 1698
1699 1699
1700 1700
1701 1701
1702 1702
1702 1711
1703 1703
1704 1704
1705 1698
1705 1705
1705 2559
1706 1706
1707 1707
1708 1117
1708 1708
1708 2416
1708 2637
1708 2925
1709 1709
1710 1710
1710 2112
1710 2215
1711 1711
1712 1712
1713 1713
1714 1714
1715 1715
1716 1716
1717 1717
1718 1718
1718 2433
1718 2705
1719 1719
1720 1720
1721 1393
1721 1721
1721 2672
1722 1722
1723 1723
1724 1198
1724 1724
1724 2253
1725 1725
1726 1726
1727 1727
1728 1728
1729 1729
1730 1730
1730 2795
1731 237
1731 1731
1731 2774
1732 1732
1733 1733
1733 3305
1733 3306
1734 1734
1735 1735
1736 151
1736 972
1736 1736
1737 1737
1738 1738
1739 1739
1740 1740
1741 1741
1742 1742
1743 1743
1744 1744
1745 1745
1746 1746
1746 1981
1747 1747
1748 1748
1749 1749
1750 1750
1751 1751
1752 1752
1753 1753
1754 1754
1755 1755
1756 1756
1757 1757
1758 464
1758 1758
1758 2527
1759 1429
1759 1759
1759 1918
1760 150
1760 1696
1760 1760
1761 1761
1762 1762
1763 1763
1764 1764
1765 1765
1766 1766
1767 1767
1768 541
1768 1768
1768 2745
1769 1769
1770 1319
1770 1770
1771 1771
1772 1772
1772 1890
1772 2222
1773 1773
1774 1774
1775 1775
1776 1776
1777 1777
1778 1778
1779 1779
1780 1780
1781 1781
1782 1782
1782 2458
1783 1783
1784 1784
1784 3205
1785 1785
1786 1786
1787 1787
1788 1788
1789 1789
1790 1790
1791 1791
1792 1792
1793 1793
1794 1794
1795 1795
1796 1796
1797 1797
1798 1798
1799 1799
1800 1800
1801 1801
1802 1044
1802 1802
1803 1803
1804 1804
1805 1805
1806 1806
1807 1807
1808 473
1808 1808
1808 3011
1809 500
1809 1809
1809 3249
1810 1810
1811 1811
1811 2091
1811 3198
1812 413
1812 1812
1813 1813
1814 1814
1815 1815
1816 1816
1817 1817
1818 1818
1818 2030
1819 1819
1820 1820
1821 1483
1821 1795
1821 1821
1822 254
1822 508
1822 1772
1822 1822
1822 1903
1822 3006
1822 3107
1823 1823
1823 3045
1824 1824
1825 1825
1825 2443
1826 1826
1827 1827
1828 1828
1828 2077
1829 1043
1829 1352
1829 1829
1830 1830
1831 1831
1832 1832
1833 1833
1834 1834
1835 1835
1836 1683
1836 1836
1837 1837
1838 1838
1839 1839
1840 1840
1841 1841
1842 1842
1843 398
1843 1583
1843 1843
1844 1844
1845 1845
1846 1846
1847 1847
1848 1848
1849 1849
1850 1850
1851 1851
1852 1852
1853 464
1853 1009
1853 1064
1853 1853
1853 2488
1854 1854
1855 1855
1856 1856
1857 1857
1858 1858
1858 2031
1858 3035
1859 1859
1860 1860
1861 1861
1862 1862
1863 1863
1864 1618
1864 1864
1864 2509
1865 674
1865 1865
1865 2283
1866 1866
1867 1867
1868 1868
1868 3068
1869 1869
1870 1870
1871 1871
1872 1872
1873 1873
1874 1874
1875 435
1875 847
1875 1019
1875 1453
1875 1875
1875 1989
1875 2399
1876 1876
1877 1877
1877 1973
1878 1878
1878 2446
1879 607
1879 1811
1879 1879
1879 1956
1879 1986
1880 1880
1881 1881
1882 1882
1883 1883
1883 2678
1884 1884
1885 1885
1886 1886
1887 598
1887 1887
1887 2232
1888 1888
1889 1889
1889 2516
1890 1890
1891 1891
1892 1892
1893 1893
1894 1894
1894 2584
1894 2710
1894 2711
1895 1895
1896 218
1896 1145
1896 1146
1896 1534
1896 1896
1896 2170
1896 2702
1896 2703
1896 2704
1896 2706
1896 2708
1897 1897
1898 1898
1899 1899
1900 1900
1901 1901
1902 1902
1903 269
1903 906
1903 1903
1904 1904
1905 1905
1906 1906
1906 2127
1907 1847
1907 1907
1907 3125
1908 1908
1908 3301
1909 1909
1910 1910
1911 1911
1912 1912
1913 1913
1914 1914
1915 1915
1915 2302
1916 1916
1917 1917
1918 361
1918 1918
1918 2444
1918 2797
1919 1919
1920 1920
1921 1921
1922 1922
1923 1923
1924 1924
1925 1925
1926 1926
1927 1927
1928 1928
1929 1929
1930 1930
1931 1931
1932 1932
1932 2447
1933 1504
1933 1933
1933 2539
1934 1934
1935 1935
1936 1936
1937 1937
1938 1938
1939 1939
1940 1940
1940 2404
1940 2405
1941 1941
1942 1942
1943 307
1943 585
1943 887
1943 1054
1943 1281
1943 1343
1943 1731
1943 1943
1943 2234
1943 2396
1943 2398
1944 506
1944 1011
1944 1944
1944 2534
1945 1945
1946 1946
1947 1947
1948 999
1948 1373
1948 1948
1949 970
1949 1949
1949 3075
1950 1950
1951 1951
1952 1952
1953 1953
1954 1954
1955 1955
1956 1956
1957 1957
1958 1958
1959 1959
1960 1960
1961 1961
1962 1962
1963 1963
1964 1964
1965 1956
1965 1965
1965 2886
1966 1966
1967 721
1967 1967
1967 2672
1968 1968
1969 1969
1970 1970
1971 577
1971 1030
1971 1448
1971 1971
1971 2354
1972 1972
1973 1973
1974 1974
1975 1975
1976 1976
1977 1977
1978 1978
1979 1979
1979 2800
1980 1980
1981 1193
1981 1981
1981 3020
1982 1982
1983 1983
1984 1984
1985 1985
1986 1986
1987 1987
1988 1988
1989 1989
1990 1990
1990 2161
1991 348
1991 1991
1992 455
1992 798
1992 1992
1992 2347
1992 2819
1993 1993
1994 1994
1995 1995
1996 1996
1997 1997
1998 1998
1999 1999
2000 2000
2001 2001
2002 2002
2003 2003
2004 2004
2005 2005
2006 2006
2007 2007
2007 3270
2008 2008
2009 2009
2010 2010
2011 2011
2012 2012
2013 2013
2014 2014
2014 3088
2015 2015
2016 2016
2017 2017
2018 2018
2019 2019
2020 2020
2021 835
2021 895
2021 2021
2021 2651
2022 2022
2023 895
2023 2023
2023 2782
2024 2024
2025 494
2025 2025
2026 2026
2027 2027
2028 707
2028 2028
2029 2029
2030 2030
2031 2031
2032 2032
2033 1732
2033 2033
2034 2034
2035 2035
2036 2036
2037 2037
2038 2038
2039 2039
2040 2040
2041 1953
2041 2041
2041 2462
2042 2042
2043 2043
2044 2044
2045 2045
2046 2046
2047 2047
2048 2048
2049 2049
2050 2050
2051 2051
2052 2052
2053 2053
2054 2054
2055 2055
2056 2056
2057 2057
2058 2058
2059 1423
2059 2059
2060 2060
2061 2061
2062 2062
2063 548
2063 796
2063 2063
2063 2113
2063 2912
2064 2064
2065 2065
2066 2066
2067 2067
2067 2222
2067 2499
2067 2733
2068 2068
2069 2069
2070 2070
2071 2071
2072 2072
2073 1019
2073 2073
2074 2074
2075 2075
2076 2076
2077 2077
2078 2078
2079 2079
2080 577
2080 2080
2080 2346
2081 2081
2082 2082
2083 2083
2084 2084
2085 2085
2086 2086
2087 2087
2088 2088
2089 1995
2089 2089
2089 2217
2090 2090
2091 2091
2092 2092
2093 2093
2094 2094
2095 2095
2096 2096
2097 993
2097 2097
2097 2774
2098 2098
2099 2099
2100 2100
2101 2101
2102 2102
2103 2103
2104 2104
2105 2105
2106 2106
2107 2107
2108 2108
2109 2109
2110 1398
2110 1587
2110 2110
2111 2111
2112 2112
2113 1484
2113 2113
2113 2912
2114 2114
2115 2115
2116 1599
2116 2116
2117 2117
2118 2118
2119 796
2119 2119
2120 2120
2121 1747
2121 2121
2122 1835
2122 2122
2123 2123
2124 2124
2125 2125
2126 2126
2127 2127
2128 2128
2128 2822
2129 2129
2130 2130
2131 2131
2132 2132
2133 2133
2134 2134
2135 2135
2136 2136
2137 2137
2138 2138
2139 2139
2140 743
2140 2140
2141 2141
2142 2142
2143 2143
2144 2144
2145 2145
2146 2146
2147 2147
2148 2148
2149 2149
2150 2150
2151 2151
2152 2152
2153 2153
2153 3202
2153 3294
2154 2154
2155 1628
2155 2155
2156 2156
2157 2157
2158 2158
2159 2159
2159 2894
2160 2160
2161 2161
2162 2162
2163 1469
2163 2163
2163 2547
2164 2164
2165 2165
2166 691
2166 968
2166 1117
2166 2166
2166 2416
2167 2167
2168 2168
2169 2169
2170 2170
2171 2171
2172 2172
2173 2173
2174 241
2174 466
2174 620
2174 709
2174 1359
2174 1802
2174 2174
2174 2413
2174 2509
2175 2175
2176 2176
2177 2177
2178 2178
2179 2179
2180 2180
2181 2181
2182 2182
2183 1640
2183 2183
2184 2184
2185 2185
2185 2206
2185 3149
2186 2186
2187 2187
2188 2188
2189 106
2189 637
2189 1087
2189 2189
2189 3215
2190 2190
2191 2191
2192 2192
2193 2193
2194 2194
2195 2195
2196 242
2196 450
2196 930
2196 1136
2196 2196
2197 2197
2198 2198
2199 2199
2200 2200
2201 2201
2202 2202
2203 2203
2204 2204
2205 2205
2206 2206
2207 2207
2208 2208
2209 1787
2209 2209
2210 2210
2211 2211
2212 865
2212 2212
2212 2578
2213 2213
2214 652
2214 2214
2215 2215
2216 2216
2217 273
2217 796
2217 2217
2217 2645
2218 2218
2219 2219
2220 319
2220 1683
2220 2220
2221 2221
2222 2222
2223 2223
2224 1399
2224 1777
2224 2224
2225 2225
2226 1232
2226 2226
2226 2435
2227 2227
2228 49
2228 148
2228 170
2228 682
2228 2228
2229 2229
2230 2230
2230 2784
2231 2231
2232 2232
2233 2233
2233 2372
2234 2234
2235 2235
2236 2236
2237 2237
2238 2238
2239 2239
2240 2240
2241 2241
2242 2242
2243 2243
2244 2244
2245 1522
2245 2095
2245 2245
2246 2246
2247 2247
2248 2248
2249 2249
2250 2250
2251 2251
2252 853
2252 2252
2252 3232
2253 2253
2254 303
2254 2254
2254 3093
2255 2255
2256 2256
2257 2257
2258 2258
2259 1046
2259 1919
2259 2259
2259 2278
2259 2450
2260 2260
2261 2261
2262 2262
2263 2263
2264 715
2264 1725
2264 1831
2264 2264
2264 2942
2265 2265
2266 2266
2267 2267
2268 2268
2269 472
2269 541
2269 1704
2269 2269
2270 2270
2271 1548
2271 2271
2272 2272
2273 2273
2274 2274
2275 2275
2276 2276
2277 2277
2278 2278
2279 2279
2280 2280
2281 2281
2282 887
2282 2185
2282 2282
2283 2283
2284 2284
2285 2285
2286 2286
2287 2287
2288 2288
2289 2289
2290 2290
2291 2291
2292 950
2292 2292
2292 2913
2293 2293
2294 2294
2295 2295
2296 2296
2297 2297
2298 2298
2299 242
2299 1582
2299 2299
2300 2300
2301 2301
2302 2302
2303 2303
2304 2304
2305 2305
2306 2306
2307 2307
2308 2308
2309 2309
2309 2334
2309 3167
2310 2310
2311 2183
2311 2311
2311 2880
2312 1654
2312 1967
2312 2312
2313 2313
2314 471
2314 2314
2314 2339
2315 2315
2316 819
2316 923
2316 1311
2316 2316
2316 2547
2317 2317
2318 2318
2319 2319
2320 1028
2320 2320
2320 3227
2321 2321
2322 2322
2323 2323
2324 2324
2325 2325
2326 2326
2327 2327
2328 2328
2329 1031
2329 2329
2329 2614
2330 2330
2331 1130
2331 1558
2331 1587
2331 2331
2332 2332
2333 2333
2334 2333
2334 2334
2335 1235
2335 2095
2335 2335
2336 2336
2337 2337
2338 2338
2339 736
2339 1049
2339 2219
2339 2338
2339 2339
2339 3071
2340 2338
2340 2340
2341 2341
2341 2342
2342 2342
2342 3045
2343 1084
2343 1855
2343 2343
2344 2344
2345 1729
2345 2345
2345 2347
2346 2346
2347 2347
2348 1224
2348 2348
2348 2349
2349 2349
2350 2350
2350 2351
2351 1916
2351 2351
2351 2372
2352 2352
2353 1448
2353 2353
2353 2354
2354 2354
2355 2355
2356 2356
2357 2357
2358 1867
2358 2358
2358 2652
2359 2359
2360 2360
2361 1517
2361 1580
2361 2311
2361 2361
2361 2443
2361 2880
2362 2360
2362 2362
2362 2506
2363 2363
2363 3164
2364 2364
2365 2365
2366 2366
2366 2790
2366 3286
2367 2367
2367 2541
2367 2549
2368 2368
2368 2790
2368 2943
2369 1699
2369 2369
2370 2370
2371 2371
2372 2372
2372 2374
2373 2373
2374 2374
2375 1155
2375 2372
2375 2375
2376 2376
2377 2377
2378 2378
2379 2379
2380 1584
2380 2380
2380 2534
2381 2381
2382 2382
2383 2383
2384 2384
2385 756
2385 2385
2386 2386
2387 2387
2388 2388
2388 2389
2389 2389
2390 2390
2391 2391
2392 2392
2393 2393
2394 2394
2395 2395
2396 1122
2396 2396
2396 2397
2397 2397
2398 1251
2398 2396
2398 2398
2398 2829
2399 2399
2400 1000
2400 1326
2400 2400
2400 3089
2401 1877
2401 2401
2401 2959
2402 2402
2403 2403
2404 428
2404 715
2404 1644
2404 2404
2404 2638
2405 661
2405 715
2405 2405
2406 2406
2407 2407
2408 2408
2409 2409
2410 2410
2411 829
2411 2411
2411 3273
2412 2412
2413 2413
2414 1152
2414 2414
2415 2415
2416 373
2416 912
2416 2416
2416 2490
2417 2417
2417 2597
2417 2637
2418 1943
2418 2418
2418 2490
2419 2419
2420 1542
2420 2420
2421 2147
2421 2421
2422 1587
2422 2422
2422 2427
2423 2423
2424 2424
2425 2425
2426 1989
2426 2426
2427 1399
2427 2427
2428 2428
2429 2429
2429 2565
2430 2430
2431 2431
2432 2432
2433 2433
2434 885
2434 2323
2434 2434
2435 2200
2435 2435
2436 2436
2437 2437
2438 2438
2439 2439
2440 2440
2441 2441
2442 877
2442 1155
2442 2442
2443 2443
2444 1275
2444 2444
2444 2649
2445 2445
2446 2446
2447 1939
2447 2447
2447 2448
2447 2450
2448 2448
2449 2449
2450 2450
2451 2451
2452 1385
2452 1683
2452 2452
2453 2453
2454 2454
2455 2455
2455 2861
2456 2456
2457 2457
2458 979
2458 988
2458 1742
2458 2458
2458 2460
2459 2459
2460 2395
2460 2460
2461 2461
2462 2462
2463 2463
2464 2464
2464 3120
2465 2465
2466 1698
2466 2466
2467 2467
2468 2468
2469 2469
2469 2470
2470 2470
2471 2471
2472 2472
2473 2473
2474 150
2474 1642
2474 2474
2475 2475
2476 2476
2477 536
2477 2477
2478 2478
2479 2479
2480 2480
2481 1261
2481 2481
2482 2482
2483 2483
2484 2484
2485 1568
2485 2485
2486 2255
2486 2486
2487 138
2487 2487
2487 2489
2488 1965
2488 2488
2489 2489
2490 2490
2491 2491
2492 669
2492 2492
2492 3249
2493 2493
2494 2494
2495 2495
2496 2496
2497 1107
2497 2497
2498 2498
2499 2499
2500 2500
2501 960
2501 2501
2502 2502
2503 2503
2504 2504
2505 2505
2506 2506
2507 450
2507 2506
2507 2507
2507 2520
2507 2883
2508 2508
2509 2509
2510 2020
2510 2509
2510 2510
2511 2511
2512 2512
2513 2513
2514 2514
2515 2515
2516 2516
2517 2516
2517 2517
2518 2518
2519 450
2519 744
2519 930
2519 2519
2519 2718
2519 2719
2519 2720
2520 2520
2521 2521
2522 2522
2523 2523
2524 2524
2525 2525
2526 2526
2527 2527
2528 2304
2528 2528
2529 1263
2529 2529
2530 2530
2531 2531
2532 2532
2533 2533
2534 2534
2535 2535
2536 2536
2537 2537
2538 2538
2539 2539
2540 2540
2541 2541
2542 2542
2543 1675
2543 2543
2544 2544
2545 2545
2546 2546
2547 2547
2548 2548
2549 2549
2550 2550
2551 2551
2552 2552
2553 2553
2554 2209
2554 2554
2554 2555
2555 2555
2556 2556
2557 2557
2558 2420
2558 2558
2559 2559
2560 2560
2561 2561
2561 2949
2562 2562
2563 2563
2564 627
2564 1219
2564 2435
2564 2564
2565 1492
2565 2565
2566 2566
2567 2567
2568 2568
2569 2569
2570 2570
2571 2571
2572 2572
2573 1143
2573 2573
2573 2575
2574 2574
2575 2575
2576 2576
2577 2577
2578 1999
2578 2578
2579 690
2579 2551
2579 2579
2580 2580
2580 2581
2581 2581
2582 2582
2583 2583
2584 1583
2584 2584
2585 2585
2586 2586
2587 2587
2588 2588
2589 1021
2589 1719
2589 2589
2590 2590
2591 2591
2592 2592
2593 2593
2594 1986
2594 2594
2595 2595
2596 850
2596 2204
2596 2257
2596 2596
2597 691
2597 2596
2597 2597
2597 2625
2598 2598
2599 2599
2600 2600
2601 2601
2602 2602
2603 1441
2603 1667
2603 2603
2604 2209
2604 2604
2605 2605
2606 2606
2607 2607
2608 2608
2609 2609
2610 2610
2610 2611
2611 2611
2612 2612
2613 2329
2613 2613
2614 2614
2615 2615
2616 2616
2617 2617
2618 2618
2619 254
2619 266
2619 2619
2620 2620
2621 2621
2622 131
2622 395
2622 755
2622 1591
2622 1633
2622 2162
2622 2622
2622 2830
2623 2623
2624 2624
2625 147
2625 428
2625 2625
2626 773
2626 1054
2626 2626
2626 3054
2627 2627
2628 2628
2629 2629
2630 2630
2631 2631
2632 492
2632 627
2632 2632
2632 2649
2632 2650
2633 347
2633 930
2633 968
2633 2527
2633 2633
2634 2634
2635 2635
2636 2636
2637 1117
2637 2637
2638 1740
2638 2638
2638 2640
2639 2639
2640 2640
2641 2641
2642 2642
2643 247
2643 1180
2643 2643
2644 1457
2644 2644
2645 2645
2646 1472
2646 2278
2646 2450
2646 2495
2646 2646
2647 2647
2648 2648
2649 2649
2650 2650
2651 2281
2651 2651
2652 2652
2653 2653
2654 2654
2655 263
2655 1476
2655 1872
2655 2277
2655 2655
2656 2656
2657 2657
2658 2658
2659 2659
2660 2660
2661 2661
2662 2662
2663 2663
2664 2664
2665 2665
2666 2666
2667 2128
2667 2667
2668 2668
2669 2669
2670 2473
2670 2670
2670 2671
2671 2671
2672 2672
2673 2670
2673 2673
2673 3284
2674 2674
2675 2675
2676 2676
2677 2677
2678 2678
2679 795
2679 2679
2680 1568
2680 2680
2681 2681
2682 2682
2683 2683
2684 2684
2685 2685
2686 2686
2686 3132
2687 2687
2688 2688
2689 2689
2690 2690
2691 2690
2691 2691
2692 2692
2693 2693
2694 2694
2695 2695
2696 2696
2697 2697
2698 2698
2699 2699
2700 2700
2701 2701
2702 2702
2703 2702
2703 2703
2703 2705
2703 2706
2703 2966
2704 2704
2705 2705
2705 2706
2706 2706
2707 2707
2708 2708
2709 2709
2710 2710
2711 394
2711 1986
2711 2711
2712 2712
2713 2005
2713 2713
2714 2714
2715 2715
2716 2716
2717 2717
2718 2718
2719 2719
2720 2720
2721 2721
2722 1254
2722 2092
2722 2722
2723 2723
2724 2724
2725 2725
2726 2726
2727 1111
2727 2726
2727 2727
2728 2728
2729 689
2729 2729
2729 2730
2730 2730
2731 2731
2732 2732
2732 2733
2733 2733
2734 2734
2735 2735
2736 1440
2736 2736
2736 3034
2737 2737
2738 2737
2738 2738
2739 856
2739 2739
2739 2740
2740 2740
2741 2741
2742 2742
2743 2743
2744 2744
2745 2745
2746 2746
2747 2747
2748 2748
2749 2749
2750 2750
2751 2751
2752 2752
2753 2753
2754 2754
2755 2755
2756 2756
2757 2757
2758 2758
2759 2759
2760 2760
2761 2761
2762 2761
2762 2762
2763 2763
2764 2764
2765 2765
2766 2766
2767 1138
2767 1568
2767 2767
2768 2768
2769 2769
2770 2770
2771 2771
2772 2772
2773 2772
2773 2773
2773 2928
2774 2774
2774 2968
2775 2775
2776 2776
2777 2777
2778 2778
2779 2779
2780 1211
2780 2780
2781 2781
2782 246
2782 453
2782 586
2782 807
2782 895
2782 968
2782 1034
2782 1214
2782 1219
2782 1343
2782 1644
2782 2585
2782 2782
2782 2784
2782 2785
2783 2783
2784 2784
2785 2785
2786 2786
2787 2787
2788 2788
2789 2149
2789 2789
2790 1401
2790 2367
2790 2790
2791 2791
2792 2792
2793 2793
2794 2794
2795 2795
2796 2796
2797 2797
2798 2798
2799 889
2799 2545
2799 2799
2800 2800
2801 2801
2802 2802
2803 2803
2804 1806
2804 2804
2805 2805
2806 2806
2807 2807
2808 2808
2809 2809
2810 2810
2811 2811
2812 2812
2813 2813
2814 2814
2815 1410
2815 2815
2816 2816
2817 2817
2818 2818
2819 2819
2820 2820
2821 2821
2822 2822
2823 2823
2824 2824
2825 2825
2826 2826
2827 686
2827 1976
2827 2827
2828 454
2828 835
2828 2181
2828 2828
2828 3000
2829 993
2829 1157
2829 2234
2829 2257
2829 2829
2829 2968
2830 2830
2831 2831
2832 2832
2833 2833
2834 2834
2835 2835
2836 2836
2837 2837
2838 2838
2839 2839
2840 2840
2841 2841
2842 2842
2843 2843
2844 670
2844 2844
2845 2845
2846 2846
2847 2847
2848 876
2848 1180
2848 1600
2848 2580
2848 2848
2849 2849
2850 2850
2851 2851
2852 2852
2853 2176
2853 2660
2853 2853
2854 2854
2855 2855
2856 2856
2857 2857
2858 2858
2859 2859
2860 2860
2861 1091
2861 1346
2861 1471
2861 2399
2861 2861
2862 2862
2863 2863
2863 2864
2864 2864
2865 2865
2866 1355
2866 1395
2866 2866
2867 2237
2867 2867
2868 1220
2868 1725
2868 2868
2868 2869
2868 2870
2869 2869
2870 2870
2871 2871
2872 2872
2873 2873
2874 2371
2874 2874
2875 2875
2876 2876
2877 2877
2878 2878
2879 2879
2880 2880
2881 2881
2882 2882
2883 2883
2884 2884
2885 2885
2886 2886
2887 2887
2888 2888
2889 2889
2890 2890
2891 2891
2892 2892
2893 2893
2894 2894
2895 2895
2896 2896
2897 2897
2898 2898
2899 203
2899 550
2899 634
2899 1068
2899 1135
2899 1946
2899 2899
2899 2900
2899 2903
2900 1353
2900 2900
2901 2901
2902 2902
2903 2903
2904 2904
2905 2905
2906 2906
2907 2289
2907 2907
2908 2908
2909 1970
2909 1985
2909 2909
2910 2910
2911 2134
2911 2515
2911 2911
2912 2912
2913 2913
2914 2914
2915 2915
2916 2916
2917 2917
2918 2918
2919 1575
2919 2404
2919 2919
2920 2920
2921 2921
2922 2922
2923 2923
2924 2924
2925 373
2925 1117
2925 2097
2925 2257
2925 2398
2925 2475
2925 2774
2925 2820
2925 2925
2926 2926
2927 2927
2928 2928
2929 2929
2930 2930
2931 2931
2932 2932
2933 2933
2934 2934
2935 2935
2936 2936
2937 2937
2938 2938
2939 2939
2940 2940
2941 2941
2942 2942
2943 2943
2944 2944
2945 1595
2945 1926
2945 2945
2946 2946
2947 2947
2948 2948
2949 2949
2950 2950
2950 2952
2951 2951
2952 2952
2953 2953
2954 2954
2955 381
2955 1185
2955 1457
2955 2955
2956 2956
2957 2957
2958 2958
2959 2959
2960 1182
2960 2960
2961 2961
2962 2962
2963 2963
2964 2964
2965 2965
2966 2966
2967 2115
2967 2967
2968 2968
2969 2969
2970 2970
2971 2971
2972 2972
2973 2973
2974 1936
2974 2974
2974 2975
2975 2975
2976 717
2976 2703
2976 2976
2977 2977
2978 2978
2979 2979
2980 2980
2981 2981
2982 2982
2983 2983
2984 1355
2984 1395
2984 2984
2985 2985
2986 2986
2987 2987
2988 2988
2989 2989
2989 2990
2990 2990
2991 2991
2992 2992
2993 2154
2993 2993
2994 491
2994 2994
2995 2995
2996 2996
2997 2997
2998 2998
2999 2999
3000 3000
3001 3001
3002 3002
3003 3003
3003 3005
3004 3004
3005 3005
3006 3006
3007 3007
3008 3008
3009 203
3009 2120
3009 2973
3009 3009
3010 3010
3011 3011
3012 3012
3013 3013
3014 3014
3015 3015
3016 3016
3017 2189
3017 2646
3017 2911
3017 3017
3018 3018
3019 3019
3020 3020
3021 1189
3021 3021
3022 3022
3023 3023
3024 3024
3025 3025
3026 3026
3027 3027
3028 3028
3029 3029
3030 3030
3030 3263
3031 3031
3032 3032
3033 3033
3034 3034
3035 3035
3036 3036
3037 1428
3037 1624
3037 3037
3038 3038
3039 3039
3040 3040
3041 3041
3042 3042
3043 3043
3044 3044
3045 3045
3046 294
3046 478
3046 1472
3046 1865
3046 1891
3046 2911
3046 3046
3047 3047
3048 3048
3049 1572
3049 3049
3050 3050
3051 3051
3051 3207
3052 3052
3053 3053
3054 3054
3055 3055
3056 3056
3057 3057
3057 3059
3058 3058
3059 3059
3060 3060
3061 3061
3062 3062
3063 3063
3064 3064
3065 3065
3066 3066
3067 3067
3068 3068
3069 3069
3070 3070
3071 3071
3072 3072
3073 3073
3074 3074
3075 3075
3076 3076
3077 3077
3078 3078
3079 3079
3080 918
3080 2227
3080 3080
3081 3081
3082 3082
3083 3083
3084 3084
3085 3085
3086 3086
3087 3087
3088 3088
3089 3089
3090 3090
3091 3091
3092 3092
3093 3093
3094 3094
3095 3095
3096 3096
3097 3097
3098 3098
3099 3099
3100 3100
3101 3101
3102 3102
3103 3103
3104 3104
3105 3105
3106 3106
3107 722
3107 2180
3107 3107
3108 3108
3108 3109
3108 3110
3109 3109
3110 3110
3111 3111
3112 3112
3113 3113
3114 3114
3115 3115
3116 3115
3116 3116
3117 3117
3117 3118
3118 3118
3119 3119
3120 3120
3121 3121
3122 3122
3123 3123
3124 3124
3125 3125
3126 3126
3127 3127
3128 1471
3128 2208
3128 3128
3129 3129
3130 3130
3131 3131
3132 3132
3133 1156
3133 3133
3133 3134
3134 3134
3135 3135
3136 3136
3137 3137
3138 3138
3139 3139
3140 3140
3141 3141
3142 3142
3143 3143
3144 955
3144 2894
3144 3144
3145 3145
3146 3146
3146 3148
3147 3147
3148 3148
3149 3149
3150 3150
3151 3151
3152 2541
3152 3152
3153 1426
3153 3153
3154 3154
3155 3155
3156 356
3156 2453
3156 3156
3157 3157
3158 3158
3159 3159
3160 3160
3161 3161
3162 3162
3163 3163
3164 3164
3165 3165
3166 3166
3167 3167
3168 3168
3169 3169
3170 3170
3171 3171
3172 3172
3173 3173
3174 3174
3175 3175
3176 3176
3177 3177
3178 3178
3179 3179
3180 3180
3181 3181
3182 3182
3183 3183
3184 3184
3185 1092
3185 3185
3186 3186
3187 3187
3188 3188
3189 3189
3190 3190
3191 3191
3192 3192
3193 107
3193 746
3193 846
3193 1143
3193 2558
3193 3193
3193 3194
3193 3195
3193 3210
3194 3194
3195 3195
3196 3196
3197 3197
3198 3198
3199 3199
3200 3200
3201 3201
3202 3202
3203 3036
3203 3203
3203 3204
3204 245
3204 3204
3205 3205
3206 3206
3207 3207
3208 3208
3209 3209
3210 3210
3211 3211
3212 3212
3213 3213
3214 3214
3215 3215
3216 3216
3217 3217
3218 3218
3219 3219
3220 3220
3221 689
3221 2255
3221 3221
3222 3222
3223 3223
3224 3224
3225 3225
3226 3226
3227 3227
3228 3228
3228 3236
3229 3229
3230 3230
3231 3231
3232 3232
3233 3233
3234 3234
3235 3235
3236 3236
3237 3237
3238 3238
3239 3239
3240 3240
3241 1018
3241 1129
3241 3241
3242 3242
3243 3243
3244 3244
3245 3245
3246 3246
3247 3247
3248 3248
3249 254
3249 1808
3249 2524
3249 3249
3250 3250
3251 3251
3252 3252
3252 3253
3253 3253
3254 3254
3255 3255
3256 3256
3257 3257
3258 3258
3259 3259
3260 3260
3261 3261
3262 3262
3263 3263
3264 3264
3265 3265
3266 3266
3267 3267
3268 3268
3269 3269
3270 3270
3271 3271
3272 482
3272 1589
3272 3272
3273 3273
3274 541
3274 1043
3274 1551
3274 2835
3274 3274
3275 3275
3276 3276
3277 3277
3278 3278
3279 3279
3280 3280
3281 3281
3282 3282
3283 3283
3284 3284
3285 3285
3286 1667
3286 3286
3286 3287
3287 3287
3288 3288
3289 3289
3290 3290
3291 3291
3292 3292
3293 3293
3294 3294
3295 1679
3295 3295
3296 860
3296 2920
3296 3296
3297 3297
3298 3298
3299 3299
3300 3300
3301 3301
3302 3302
3303 3303
3304 3304
3305 3305
3306 3306
3307 3307
3308 3308
3309 3309
3310 3310
3311 3311
3312 3312
3313 3313
3314 3314
3315 3315
3316 3316
3317 3317
3318 3318
3319 3319
3320 3320
3321 3321
3322 3322
3323 3323
3324 268
3324 3324
3325 3325
3326 3326
